638
809
300
885
893
828
284
848
1142
1132
1134
708
282
686
828
276
700
1441
821
285
708
1387
290
277
722
294
283
681
1125
1127
1368
820
283
269
278
1522
681
693
898
1128
683
683
703
265
835
834
842
809
296
267
1130
289
300
299
260
295
691
722
300
275
300
297
288
290
295
722
278
277
273
302
290
281
301
275
297
836
839
276
280
292
699
1130
1438
264
1124
299
298
313
294
836
1138
675
304
282
696
698
295
309
845
283
1418
1123
300
289
310
303
299
710
281
310
722
263
682
688
295
817
1525
295
691
308
311
311
1127
292
313
313
1436
1132
829
311
1437
310
686
680
712
688
303
714
721
893
1402
312
679
696
313
710
285
708
310
816
306
1138
722
311
311
686
299
709
691
308
310
305
305
680
311
678
704
311
707
1137
703
685
312
832
312
308
302
311
1131
722
311
898
315
313
314
314
299
311
309
278
313
313
284
311
847
304
292
835
720
828
310
303
898
312
312
313
687
722
1436
305
699
299
311
305
308
313
1127
307
300
312
832
1131
309
313
1429
681
311
303
700
295
305
302
312
307
822
303
898
304
313
1799
310
1131
314
301
304
314
314
1138
305
309
311
314
1126
304
862
827
1128
300
679
310
1418
304
1429
1415
313
305
682
311
1123
311
1126
308
298
307
308
1131
310
1418
303
309
1130
1127
305
294
314
311
898
1140
299
297
292
678
701
1125
295
296
314
313
678
821
721
679
312
851
311
314
1438
311
677
302
305
297
853
692
311
711
313
301
314
898
304
311
1409
298
826
308
835
305
898
1141
722
866
310
311
312
308
312
1434
306
699
1406
848
1127
314
308
290
697
668
299
310
1141
314
722
1128
310
312
303
884
312
680
1127
893
898
304
309
700
307
719
311
898
305
1129
314
305
898
307
301
308
898
300
722
306
313
692
310
304
722
310
701
713
313
314
305
829
301
314
1441
315
1125
314
684
1132
275
312
311
690
1130
709
1157
303
686
316
684
871
709
708
300
306
296
280
843
1131
831
898
299
311
310
312
1127
303
298
898
310
306
303
307
685
310
313
311
722
310
311
1132
674
686
862
312
1129
1130
898
854
898
1143
862
313
688
310
898
311
1220
315
311
310
866
303
314
898
1131
698
304
1127
308
687
1137
306
305
311
294
310
304
291
314
898
283
865
314
898
698
309
1158
307
898
304
679
1507
310
311
657
1128
307
312
312
315
310
294
311
291
1435
704
311
1131
315
314
308
308
310
313
311
312
691
856
312
706
288
1131
1525
1514
703
316
311
703
311
1527
313
296
311
301
1132
298
314
703
315
310
311
682
301
263
311
843
314
314
298
311
311
825
311
1132
302
298
310
307
1436
313
293
1437
711
840
1127
1128
304
1128
311
310
834
303
311
304
305
313
865
302
1138
305
861
831
293
312
297
1129
304
302
709
695
312
1117
311
818
311
679
307
316
311
299
708
1436
310
315
1128
1412
841
311
311
315
307
1132
691
303
1429
315
827
296
680
684
303
722
705
315
692
313
699
308
702
293
308
315
846
688
722
300
300
295
293
301
300
313
311
312
808
898
305
1129
312
307
310
708
303
312
692
708
312
312
273
1127
309
308
310
298
313
312
315
308
308
312
704
689
313
689
305
1135
294
312
681
314
722
697
1138
286
1434
303
308
306
316
306
1131
1416
1431
1130
312
297
304
290
1440
314
285
1128
1127
313
1124
705
678
315
301
311
312
297
696
309
309
315
307
290
296
695
314
307
310
1132
311
1436
312
311
303
682
283
706
296
684
310
1224
682
310
681
308
1125
1131
704
684
702
305
694
290
307
714
314
298
311
1441
311
709
687
1132
316
303
303
312
861
696
696
1143
703
310
702
313
292
312
313
311
298
304
309
310
701
313
674
303
308
1130
308
853
315
701
1429
671
709
302
298
1118
1123
306
1125
709
301
302
313
310
703
304
311
1427
308
311
707
299
678
1428
312
312
312
710
315
707
313
310
855
709
313
315
704
897
1125
313
304
308
312
311
314
709
299
293
844
1137
1531
690
1124
839
310
711
312
311
311
1132
309
311
698
706
272
311
708
709
311
311
696
310
694
316
1126
1440
311
307
310
313
690
1125
712
676
311
310
316
314
708
852
313
1114
288
306
689
311
1418
713
1131
1527
312
309
701
306
678
696
697
291
310
1131
1526
1128
707
691
708
685
1127
706
305
1128
1124
695
306
300
690
280
819
310
700
314
305
314
690
1127
707
700
1127
308
689
680
304
295
303
722
679
298
301
296
705
284
709
292
311
895
311
1129
1150
817
715
822
315
312
658
308
309
270
316
314
311
689
689
300
314
305
310
302
303
1130
1122
1128
677
676
314
313
313
720
315
681
704
312
898
816
308
1129
722
712
661
311
313
314
298
1429
682
314
301
687
854
1123
303
313
308
713
1435
1440
702
304
292
703
710
696
708
1123
311
1427
294
1441
713
1143
309
313
294
1130
1138
836
311
314
830
299
311
312
310
313
306
700
311
1128
298
314
301
898
310
312
296
1131
314
857
682
1441
312
303
305
312
313
312
311
306
310
295
310
309
305
303
305
314
308
311
701
315
311
301
293
312
297
678
314
311
296
713
678
313
314
708
701
707
722
309
1800
303
713
310
314
304
311
693
675
283
700
296
296
314
313
311
673
315
310
303
687
705
864
708
1226
304
708
1128
710
311
306
298
300
701
709
311
898
700
315
298
310
700
292
1132
706
704
314
705
698
693
309
311
308
308
308
314
297
305
309
706
866
312
709
306
698
315
312
310
712
695
298
314
700
305
1123
702
1440
1112
305
1437
691
309
1528
708
898
1122
1123
313
1406
1438
315
868
698
311
311
708
1429
298
1416
301
709
312
314
707
312
679
685
315
307
1127
298
679
312
300
708
306
302
310
314
311
295
296
307
697
722
1526
297
707
896
703
300
313
700
282
701
709
311
314
684
313
694
1125
1125
706
307
311
298
305
311
814
304
665
311
311
314
313
297
315
312
311
818
313
711
1670
303
311
300
825
310
313
704
309
301
705
698
300
684
310
1444
704
314
695
681
1131
310
312
705
308
311
291
1426
710
709
295
301
315
711
1125
711
313
311
1526
311
707
696
722
315
1125
680
705
1425
714
310
310
673
307
297
310
307
1130
300
295
297
709
701
696
709
676
311
1126
304
694
690
677
883
311
312
298
292
303
1127
722
311
700
290
701
305
1139
698
297
311
701
297
1127
312
311
677
1126
693
708
701
708
304
700
314
695
700
706
310
706
309
1678
309
311
1132
310
303
680
702
310
718
308
689
311
1440
308
1405
800
696
311
1521
711
1403
709
301
722
694
310
314
299
704
310
678
700
313
313
299
287
683
711
291
287
296
300
685
709
303
304
685
712
297
1436
683
1682
710
311
311
1125
683
294
809
302
309
310
306
311
681
1127
676
1515
1139
312
301
309
701
306
309
704
714
311
898
701
311
313
297
311
285
707
311
310
683
1523
311
308
1124
1438
712
681
315
709
314
311
308
306
837
301
309
1119
308
684
306
314
1128
304
302
684
701
309
303
1127
314
307
314
679
312
705
299
299
315
302
294
311
311
316
280
311
310
722
691
297
1127
703
311
310
1439
301
314
311
705
1529
314
309
301
301
315
702
721
294
1125
287
311
312
706
695
311
311
1121
706
1132
308
285
685
315
314
698
298
311
711
308
279
304
312
310
313
292
301
699
300
838
1124
702
315
1125
705
708
304
298
310
311
1126
700
308
313
679
697
711
314
313
312
1128
1139
304
711
313
685
700
701
1127
692
684
1131
306
698
311
683
293
303
311
313
311
1440
312
299
694
705
305
305
284
693
310
1527
699
1130
311
299
311
314
864
313
1436
1418
711
707
295
309
709
1126
312
298
313
709
707
314
1139
704
294
314
705
313
314
305
315
302
297
302
1243
304
311
1438
311
294
294
298
294
312
311
310
705
1116
707
706
1132
287
789
314
312
697
310
307
705
687
312
706
290
701
681
311
2018
311
314
316
284
313
305
691
700
310
311
702
312
706
302
306
692
863
1440
303
309
300
1523
696
295
302
694
296
313
300
304
1123
303
678
313
310
305
677
1676
711
305
300
307
309
311
691
316
309
312
698
292
302
692
315
313
1429
690
306
313
311
310
314
293
698
295
311
311
864
312
1129
1797
302
701
701
301
1130
314
314
313
1126
313
309
313
1436
303
311
710
301
314
306
300
308
1436
311
303
314
307
314
683
312
312
314
316
315
299
311
1438
687
307
722
300
311
314
312
709
1127
678
310
309
316
312
310
311
311
310
314
722
303
697
1525
314
314
850
703
313
1125
310
308
298
309
1126
686
311
311
298
308
677
301
301
707
312
722
696
687
1430
842
678
266
293
315
711
699
1436
702
695
1116
316
302
305
306
311
312
1414
1125
312
722
701
712
310
695
701
311
692
307
305
309
690
312
698
1665
703
299
304
310
1437
305
696
303
1135
311
705
1528
1130
710
705
289
314
312
1123
1123
315
306
300
705
699
311
688
311
1440
700
289
688
681
1515
311
311
1437
301
301
312
711
284
281
1405
264
312
304
310
314
313
307
310
293
1442
695
1440
283
316
313
313
310
312
280
311
710
711
308
309
696
699
702
1128
304
300
720
708
706
814
681
315
1116
311
700
314
294
1412
265
312
1436
1131
703
702
679
693
313
309
1235
1432
309
313
1434
1131
283
316
1437
703
1130
692
307
304
309
315
312
292
710
697
306
820
1440
1124
296
301
310
1437
1230
310
304
675
1123
312
313
675
679
306
720
310
313
1527
292
308
705
297
721
300
690
293
679
694
298
313
1130
304
310
287
313
313
685
314
686
683
304
703
708
311
694
1139
678
711
1130
687
703
722
696
1435
311
306
287
297
311
690
293
685
293
301
687
293
707
721
1678
678
1129
307
1157
675
300
710
309
298
1124
308
298
671
1130
679
1437
304
291
823
678
835
311
1127
311
296
704
1120
310
312
314
1130
309
302
722
300
1413
1412
710
311
703
294
313
298
1131
1227
1117
297
311
313
297
292
305
302
721
311
1519
307
314
1132
311
684
306
314
312
307
718
817
685
308
1411
310
1529
313
1154
697
721
1681
312
719
313
274
311
307
1439
312
700
310
288
1147
1422
692
702
710
312
683
308
272
703
311
895
308
302
287
313
720
680
1129
687
297
298
308
315
708
681
305
1523
1673
1124
722
282
304
1125
1125
1439
314
311
308
1126
721
313
836
687
312
1441
271
677
308
703
678
1120
296
314
312
305
1121
718
709
315
1415
1426
310
313
685
303
293
1127
315
683
314
791
693
287
311
300
307
1131
315
308
313
310
1416
675
669
311
314
680
312
315
1230
1132
708
695
313
314
311
720
314
1787
722
311
697
692
300
1410
680
1127
688
697
316
1439
313
312
1526
693
689
301
1128
679
1125
291
691
307
680
704
705
306
312
1798
707
676
1128
1115
680
1155
721
315
315
712
300
308
717
303
704
312
315
1131
710
312
689
298
301
294
682
311
288
700
310
1799
706
273
721
1437
1434
1523
679
303
311
703
307
305
798
687
1126
313
311
703
722
706
303
679
1131
1128
304
310
701
266
710
679
314
316
308
292
311
1125
1132
684
298
313
677
310
294
312
300
897
1130
297
717
1131
708
314
697
681
687
1131
1128
857
709
708
1129
291
311
683
292
1409
297
1433
1128
706
311
688
684
300
315
316
706
301
1126
310
296
1436
311
719
1787
703
1135
294
826
310
1409
299
704
1521
301
703
702
701
700
691
1525
1131
1127
311
1413
293
1437
686
680
712
311
1436
289
683
1431
312
697
679
1132
699
304
309
313
1427
719
298
685
312
705
1246
689
311
702
308
797
1440
306
1413
1137
297
1130
313
304
1125
310
684
1114
1132
700
1432
684
1436
311
297
316
690
695
702
702
681
711
311
1133
310
1118
305
1129
316
309
1438
719
1125
311
308
1529
702
707
697
312
311
300
717
1141
674
314
314
311
1140
702
1525
710
1441
301
722
695
279
290
857
281
1128
1524
311
707
703
313
312
1129
1230
311
701
281
314
678
283
307
688
1219
304
315
311
313
1125
1677
700
315
703
722
276
287
679
701
697
1527
722
699
1225
304
704
896
1523
683
298
679
695
686
313
296
311
313
311
700
1410
1123
314
311
299
699
678
1128
310
1240
710
694
1130
302
311
297
1525
1675
1440
683
719
679
1117
696
302
700
706
684
710
681
1435
1130
696
1126
306
688
718
692
268
693
285
297
705
309
1157
292
1130
1133
1134
310
802
308
689
1127
1419
1129
710
311
308
313
720
680
1406
1438
310
299
312
710
696
695
314
702
696
704
311
690
697
314
689
704
1437
704
308
886
697
311
1440
315
1529
304
1142
1431
840
311
722
313
311
1126
1427
703
711
289
691
297
1128
299
704
1133
702
1124
711
846
302
853
683
308
309
678
681
695
694
1413
1123
704
684
689
695
315
1115
304
684
1409
1119
1419
1423
846
298
682
263
314
698
690
316
1417
310
684
1531
311
1438
1439
686
1156
311
684
706
691
1525
711
299
686
704
271
1131
689
1139
698
840
314
702
707
720
694
276
311
1124
720
822
1117
693
683
828
720
310
1230
309
311
704
1125
720
310
308
697
310
1429
307
295
709
1126
720
834
279
1244
316
311
709
1128
680
698
312
695
1129
690
308
1137
821
1523
698
312
898
281
709
1131
307
1524
295
675
710
686
705
311
309
315
1126
307
697
1438
298
842
868
1417
1131
313
301
286
315
679
1152
713
700
1437
287
722
1232
711
310
693
1441
690
290
1396
691
835
692
1124
315
699
310
1412
284
310
697
313
1142
312
688
704
681
1131
704
722
697
310
701
704
1527
705
301
1440
682
722
722
701
311
1428
688
1135
1436
861
677
299
692
1225
708
678
294
707
297
1234
1124
313
678
1418
696
693
694
1421
690
291
704
719
310
699
1125
696
1129
1115
859
1122
1408
704
680
312
679
690
1679
313
1126
294
312
682
301
699
1436
695
693
688
305
307
308
694
1126
312
686
683
678
709
1407
310
1136
309
305
720
1122
269
695
681
705
1131
689
695
699
314
313
1128
875
307
721
1125
291
306
2011
1441
301
1126
722
1122
1437
1511
1125
695
298
720
1530
685
1234
704
313
806
1128
314
1439
704
313
686
1122
695
307
294
706
303
1513
701
721
1131
719
676
301
693
312
722
308
304
1128
712
707
705
703
704
271
679
283
1436
315
703
685
277
679
1437
303
1138
704
699
700
1426
686
686
311
682
1130
720
678
1234
305
1157
1408
1128
1415
814
1125
1519
701
1131
1438
701
309
1124
315
693
1433
710
1130
314
681
688
279
709
1521
1435
711
687
1417
304
662
1435
694
1790
702
1436
1430
300
1135
691
294
315
701
688
1527
315
1134
1523
688
694
698
1130
816
688
1126
682
305
1273
314
694
703
1130
1415
297
1523
279
1129
1130
1436
708
700
700
686
286
704
1229
1137
310
311
297
1130
702
293
703
311
701
309
1437
311
288
1438
302
686
687
697
719
709
315
310
704
313
315
315
310
301
678
278
309
303
720
858
270
697
676
305
693
1404
310
1124
1438
300
692
691
310
280
1525
313
700
302
1128
1131
706
705
702
1123
1139
315
713
678
311
303
1115
1122
1131
1132
695
314
704
309
314
305
704
702
711
707
681
1422
288
697
1123
829
706
1131
684
307
692
701
1123
1521
315
299
314
311
710
1131
686
700
676
722
294
284
708
286
1960
301
709
1436
1127
1127
686
307
705
294
1438
312
1128
826
312
823
1524
698
1124
311
312
312
1129
1131
1130
296
685
1125
692
838
1437
1130
314
699
695
282
698
309
694
709
298
1122
1156
722
314
1679
1127
710
700
1124
688
1129
293
680
1524
314
1436
689
694
1121
311
1126
709
313
283
302
1424
1438
306
677
692
313
311
1128
304
315
1130
295
300
1130
307
306
305
701
307
299
692
698
708
1131
695
301
695
1436
311
692
896
1116
705
702
304
694
701
281
680
678
697
310
312
687
687
1799
1518
300
1136
702
702
303
699
1423
1130
298
310
684
681
312
311
722
1129
692
298
819
719
693
706
680
711
710
711
1436
301
701
696
696
312
302
706
1125
719
705
1123
684
700
1129
1439
697
1128
296
697
706
1129
1529
705
1123
704
316
688
707
1407
840
696
296
1126
714
705
679
712
698
1149
701
691
721
1142
1127
1433
1437
683
315
678
1133
290
1122
691
710
316
1531
684
717
289
687
689
690
314
707
1428
1436
697
707
703
1435
308
302
862
698
1124
312
313
1438
704
708
1427
1126
711
697
1232
308
314
1131
1128
681
283
304
307
698
709
703
703
308
695
311
1531
680
1131
699
720
1124
711
693
291
681
285
692
690
685
287
683
286
1131
1682
692
1129
709
677
678
309
302
1129
703
1132
722
1128
698
700
706
1114
682
304
315
313
297
676
702
294
1631
306
315
312
313
1155
720
312
1437
269
697
678
312
1138
313
1522
301
312
311
1129
826
283
1154
1127
694
1441
309
311
702
307
311
683
695
312
709
684
315
1436
282
685
683
1139
1126
683
684
704
705
1126
698
297
307
284
308
704
1439
1127
311
313
292
684
701
671
1127
308
1128
1122
1129
300
1132
707
688
1126
1132
309
682
710
291
693
701
298
690
689
711
1158
710
678
1406
701
1436
300
1124
313
315
303
710
1440
301
695
308
675
297
297
1123
700
719
295
290
1438
695
704
1151
1678
310
1123
1120
722
1130
1119
722
698
289
1122
694
309
305
1438
1121
703
307
301
695
720
274
271
1130
1124
701
293
290
1436
824
720
310
680
1432
689
820
683
1128
1122
300
695
1526
706
1425
1525
1154
694
720
1137
1245
676
707
300
710
720
801
299
691
709
698
284
720
1437
1140
1410
1131
1122
691
280
704
310
1441
304
693
1117
1438
303
293
1429
683
700
819
677
1436
1435
1123
690
1133
302
1142
678
721
1123
710
703
700
308
292
705
696
1134
1442
682
306
272
1129
685
297
1680
721
720
680
1213
682
1436
690
705
311
1127
303
1123
1123
310
1135
301
697
299
312
308
1440
311
307
311
304
683
706
685
1128
1117
1126
699
1436
704
706
710
1130
705
308
306
315
898
702
688
709
301
1130
699
1125
288
682
705
699
688
704
681
303
306
312
1125
1123
314
693
687
691
706
1519
1528
1439
1132
859
312
679
303
311
294
695
694
682
702
1775
310
682
1418
678
311
1417
703
683
701
1122
1525
1137
699
1524
682
294
1530
305
840
699
706
305
710
695
302
685
1130
301
281
312
695
280
1130
1439
697
305
312
1132
1126
703
1128
1799
698
684
717
286
690
711
1440
682
1126
722
1524
2022
299
838
1439
1133
1437
1419
709
291
694
257
1437
1434
1131
315
705
1140
1131
690
1129
692
1428
300
898
720
1135
680
697
1153
1127
1122
308
1132
1416
281
682
898
1131
1133
855
1431
1245
272
701
1130
690
311
316
721
1440
1109
303
310
688
1120
271
836
1121
706
722
711
695
701
1114
688
1234
708
1132
302
311
683
664
688
283
708
691
1129
689
1150
688
683
696
302
702
689
314
1437
1131
712
1126
303
1132
299
702
692
306
1129
705
1124
315
1124
1440
312
297
1441
706
306
303
276
681
1431
1119
693
705
1143
705
311
294
828
2458
1524
699
309
312
311
1131
1123
689
1265
697
689
680
1672
681
307
292
1126
1438
703
1125
1122
669
699
275
693
281
687
691
708
708
286
708
678
1231
714
691
698
301
1439
1668
1122
711
290
685
705
691
1126
1125
672
259
704
310
679
1126
306
720
706
308
1130
1436
278
687
283
1428
305
308
704
720
703
303
1123
1128
683
710
1523
1240
290
698
1130
305
310
705
682
699
709
1123
1157
1415
689
711
702
1439
1128
1131
316
299
287
312
294
701
313
1525
1133
1420
1130
1132
698
707
709
294
1427
1126
704
673
681
812
301
709
301
289
1129
1122
688
688
698
701
894
1129
1796
1124
713
836
705
693
1126
701
691
708
1128
1526
312
1129
693
305
1428
1132
828
702
1125
822
683
1124
1128
1436
288
312
680
1122
304
675
310
1436
710
673
295
710
696
686
1135
699
1132
292
309
1138
1131
299
697
314
1129
304
1522
684
700
305
1127
1125
675
680
1434
1125
685
299
258
713
1418
1130
1232
708
687
1123
722
1440
2473
312
1127
1435
680
1436
683
1125
1125
308
300
708
1121
705
310
1134
311
1112
706
717
800
687
267
1128
722
314
1132
282
693
705
1408
707
1129
297
1114
280
1444
683
1524
711
1394
680
309
703
721
819
695
1140
1233
311
1132
1127
703
307
703
666
313
298
1132
314
710
282
1127
273
684
720
832
706
680
1122
1439
309
309
679
312
1524
1126
1417
311
1425
1131
300
704
696
304
304
281
682
1526
1132
1124
1130
1409
708
300
693
300
674
312
1438
1431
1439
722
685
701
1126
1121
703
1129
689
701
706
1126
1130
1114
1126
281
1128
301
311
313
298
707
1523
685
1128
1125
1120
699
1524
702
1112
284
1436
1127
695
705
701
1522
711
708
295
701
679
1123
689
1223
1438
679
312
294
307
707
304
705
702
1127
683
296
1439
678
721
1442
705
682
1795
315
699
1437
1518
699
679
1122
702
675
693
709
1123
293
1131
286
721
283
722
696
1263
703
705
1126
1154
315
304
1413
701
847
311
312
300
1154
1231
848
706
1129
1133
295
1123
309
304
297
705
272
304
689
1118
282
310
316
314
1436
1118
308
695
1125
697
2014
1121
682
709
306
824
288
698
819
314
693
1122
302
699
1122
696
291
701
309
1127
1436
1411
1132
1518
1128
704
1215
1130
312
707
686
1130
719
683
688
298
683
709
805
1125
829
305
293
705
313
311
1441
1438
687
308
311
1126
690
1158
687
683
699
309
708
706
699
1439
1132
312
1130
691
308
701
1441
293
684
840
687
1797
1129
1246
291
310
697
1122
1437
722
259
312
302
1127
291
1131
688
273
1405
1119
1112
310
304
306
700
312
302
312
709
294
693
299
721
694
1119
679
794
306
311
1441
1435
1439
679
1125
1131
294
679
1131
696
688
704
308
712
297
309
305
841
1128
310
1407
711
815
703
1509
701
680
1438
1126
311
825
1126
686
265
282
1122
303
694
1527
1126
689
699
702
308
1119
697
710
711
709
682
289
1436
280
1528
308
690
689
710
1528
313
298
295
710
1130
679
695
704
301
1126
705
310
685
708
688
1439
1116
695
1439
296
311
1226
706
720
298
311
291
312
689
703
307
309
311
292
898
1436
293
311
680
1778
683
695
691
704
302
301
308
711
1127
705
696
301
1678
1131
313
1524
1522
682
704
709
306
702
310
696
1264
703
312
1131
674
313
1122
677
707
722
682
1126
706
272
695
1521
313
1127
689
1504
688
719
315
678
1124
709
315
709
704
1518
275
280
1141
1132
313
705
688
810
312
292
1127
681
708
296
706
691
1132
1519
1400
1112
678
683
689
1414
1121
1121
305
296
699
1127
1541
686
1413
706
703
693
688
1662
691
315
285
1121
2462
1233
312
1432
1423
270
703
293
692
694
1217
707
683
1125
297
