1408
311
298
716
849
299
300
313
297
308
304
298
681
1412
301
1136
309
294
890
695
297
658
709
685
313
305
898
294
898
294
693
898
832
865
311
693
677
898
858
310
284
307
686
316
307
303
706
304
316
312
311
311
896
896
280
1131
301
1511
677
311
310
309
700
312
648
708
305
722
306
704
689
683
312
301
311
302
1110
293
864
301
703
308
898
303
293
311
698
312
313
311
303
311
689
311
703
705
294
311
310
707
898
308
1411
701
893
1133
1949
306
682
1127
898
874
314
280
309
689
306
1128
311
722
307
1119
298
692
703
313
312
298
311
311
312
312
679
722
286
670
305
1410
297
834
701
1140
284
821
260
310
1116
722
682
312
701
869
302
679
1415
711
711
298
299
680
892
290
691
691
311
303
694
310
854
712
713
287
898
1143
1404
722
314
832
301
898
311
300
680
314
695
306
312
293
308
1132
841
721
686
870
300
1125
806
1129
281
662
289
695
291
314
1435
1151
1123
1514
798
299
311
309
693
1443
662
1123
304
720
310
1390
679
710
1129
1124
1139
301
292
685
314
1381
1128
653
795
666
274
1131
281
1436
304
680
311
298
312
315
311
1132
690
298
898
316
311
306
311
297
1431
287
281
1130
1438
292
1121
292
312
291
710
1521
275
1436
824
280
293
291
309
302
891
305
297
302
312
681
710
310
310
843
306
1139
287
304
691
1150
287
291
298
287
303
308
289
301
313
313
715
283
842
691
308
298
305
301
871
300
684
296
672
1127
1130
288
680
812
722
288
707
1412
1128
708
308
304
1125
312
1143
281
1122
1239
306
314
306
303
283
298
294
707
685
315
302
1524
706
311
311
315
298
314
1121
1513
683
306
295
708
297
687
315
311
1139
683
300
293
315
314
298
301
313
315
315
1135
798
680
313
1664
722
289
315
1437
311
308
314
312
307
311
291
313
311
298
315
311
315
314
898
293
679
1419
284
698
679
314
691
311
696
314
311
679
302
301
316
315
875
300
312
306
304
1128
1207
314
289
698
313
273
306
312
302
1128
867
313
290
315
291
314
308
898
309
711
314
839
305
707
301
310
297
679
314
301
898
818
289
309
300
678
313
297
287
289
690
311
310
711
300
309
310
311
683
866
293
303
845
314
314
301
291
720
304
710
705
1129
289
298
695
868
1128
296
275
297
711
299
291
672
313
1127
314
710
707
707
705
315
311
298
696
312
849
315
864
1133
308
695
311
1127
309
694
308
279
706
712
1129
312
312
707
304
315
706
315
308
311
315
314
688
314
292
315
1130
1225
313
311
315
302
315
311
315
313
315
310
315
314
314
315
312
315
303
310
302
711
315
291
314
693
712
311
310
816
896
1140
708
311
310
1129
311
292
681
298
309
311
313
702
290
679
697
304
700
681
313
311
1435
1129
308
312
312
314
311
310
707
315
311
311
315
705
315
315
898
1122
694
309
898
1136
701
1435
1523
313
696
274
700
1441
305
307
1411
314
292
837
279
1132
1125
292
315
315
305
721
305
306
314
298
313
315
302
298
314
311
712
315
315
1123
315
698
706
313
706
696
308
696
314
689
302
696
301
684
294
1135
312
1122
309
722
1431
1123
312
311
311
315
315
1132
1438
1123
681
314
311
291
304
304
310
313
294
1441
305
720
1125
722
1123
306
669
315
302
294
687
305
722
841
314
694
1127
307
684
697
314
722
313
310
307
314
1127
310
1441
702
688
1127
1124
297
304
1129
701
681
310
310
312
315
310
314
312
313
1122
1434
312
314
315
298
314
315
1117
315
306
711
313
313
307
315
315
315
696
314
312
304
297
315
315
701
298
309
1117
721
276
299
677
310
1126
1406
303
302
301
678
1121
703
1125
303
807
316
289
298
314
695
699
308
708
678
312
309
315
291
696
310
1513
694
314
1412
1125
312
304
295
1123
711
1122
306
298
1128
687
315
696
695
1127
312
1211
309
270
289
1129
314
307
1125
310
697
709
671
290
706
857
898
1117
681
303
312
697
716
674
311
311
313
1126
1127
1528
1438
683
312
1124
300
696
1122
686
680
303
1123
690
697
315
1122
681
298
297
1428
1120
310
680
700
1123
896
898
1124
1122
1124
703
1439
302
1124
1128
1124
302
703
313
315
1124
680
695
670
702
308
699
675
1124
1125
1437
315
308
315
704
1124
707
1127
315
1123
710
299
304
298
306
301
703
1435
690
680
309
705
700
693
302
1118
710
710
685
704
295
309
308
315
308
678
1435
1122
311
307
313
1223
1134
706
711
1131
1439
683
679
1133
275
267
278
1511
299
698
683
310
312
312
1122
691
1122
1126
310
311
719
1119
1434
1129
676
1124
305
1154
1129
719
707
315
1238
1156
313
692
684
684
312
708
898
1236
299
1527
298
1123
1799
688
690
1122
311
303
298
695
297
1437
708
700
710
1427
683
722
705
1125
1127
309
304
682
1125
1520
693
302
311
682
705
311
308
306
1123
1125
297
1438
315
1124
1122
300
684
308
697
684
1114
1122
1409
1122
690
1138
275
1127
1122
1127
1522
677
302
694
709
1150
1435
1438
1435
1524
315
688
1123
1125
1676
302
1123
1673
1134
684
708
1437
1431
683
898
1124
1123
690
1128
1123
1123
689
299
1122
315
821
1108
696
706
1102
1128
313
1524
711
305
314
1118
302
1436
678
721
699
704
1116
706
693
299
711
302
1125
304
703
1118
701
680
307
1115
1438
300
315
702
309
1131
1433
1123
315
2023
302
1118
300
1129
1437
1113
691
665
300
311
702
1434
1431
299
1128
315
1157
691
1524
680
1122
314
1118
697
1116
1116
1429
697
314
1120
1120
710
310
707
315
311
1429
1135
305
284
305
693
1117
699
685
1126
1129
315
696
1129
684
719
313
302
315
1244
1125
305
1130
1277
710
1140
301
678
1128
300
1435
299
297
680
707
690
1124
1800
296
313
1438
812
303
313
682
694
1429
1127
1124
1523
1419
1438
720
708
1428
1438
311
706
1428
706
315
710
1122
1401
303
1435
1114
1115
315
710
1124
1432
1527
304
312
297
1440
1414
300
1528
312
296
688
1121
1524
1118
857
693
1794
1522
697
315
1415
299
1436
294
1437
1520
303
300
1960
309
309
315
300
1437
293
303
312
302
298
302
1414
1524
304
1523
713
1436
1435
824
312
1119
1798
1436
824
304
314
1801
303
1678
312
1439
1134
312
1121
1436
1436
314
299
298
1125
1414
303
1123
300
310
310
1523
1522
303
303
300
291
299
303
314
1429
298
701
1123
1793
1125
303
309
1527
296
304
689
1116
314
1128
1408
1438
302
303
311
1434
314
1446
686
312
844
309
702
1438
313
312
1437
300
303
712
1434
303
315
1407
311
682
705
304
312
1437
687
678
313
1138
1408
312
1433
305
297
305
1524
311
1436
679
298
1411
705
700
1517
1522
303
1406
824
672
722
277
1438
312
1413
1436
1433
685
1435
1433
302
1428
722
1414
1436
691
1426
1527
1415
315
1408
683
680
303
1676
300
316
1131
1156
694
294
1434
302
681
698
2012
1435
1439
1226
1429
1124
721
302
676
303
303
1123
1124
310
292
677
680
1526
1124
1128
804
1157
898
1794
1419
1124
1524
1437
693
1676
1780
682
1522
302
680
1524
700
688
298
298
315
1654
1129
1430
302
300
302
304
701
1416
1434
1792
2763
297
297
302
1411
1411
1426
1506
302
1124
291
1427
683
1436
722
1419
1511
678
1231
2730
299
1514
678
722
1954
2468
719
1411
314
1510
706
295
308
297
699
302
696
1414
681
1411
703
705
1436
309
302
1126
314
1433
298
306
1233
1129
2468
668
688
1965
1264
1404
1435
297
2472
297
286
293
1133
2015
1435
687
1940
298
1795
1429
1231
1440
1436
681
1442
1413
1389
1774
684
301
293
1433
1436
678
692
1437
700
1436
689
1409
1426
679
293
296
1513
1521
685
295
303
1122
1402
687
1425
2006
1416
682
1430
698
1523
681
701
2473
710
689
1802
1786
1233
1129
2016
692
684
1123
695
1430
1795
1411
1948
722
878
1136
681
314
290
1428
680
1668
1411
1794
1802
1522
1440
680
1436
676
1418
719
290
1424
1410
683
1128
682
686
702
1434
292
686
1429
1513
1523
284
675
1526
1786
695
1436
682
1433
2013
681
679
305
1515
694
292
679
1424
683
1125
691
1791
1219
1435
683
1435
293
1440
288
680
312
688
306
679
1405
685
1946
1437
2026
684
1416
683
686
1437
1126
309
689
1528
1433
1130
313
1427
1243
698
1122
1541
288
675
680
1127
680
1530
1426
1433
1435
684
316
1230
1425
683
1440
680
680
1440
294
1541
1126
1156
708
690
681
289
685
1137
680
681
1523
685
678
1416
1542
1524
1403
1417
1221
698
312
678
1402
315
680
1438
1446
1445
1666
1505
279
2019
1124
1411
711
680
681
675
1124
1411
685
683
1671
1673
689
677
1153
1128
1422
687
682
1440
1442
680
1158
677
676
697
684
686
1411
686
1423
682
695
684
1669
680
1134
680
682
703
1414
683
693
1427
680
1409
678
2021
680
703
682
1440
679
1125
695
1415
1437
1439
1432
680
1410
686
680
1434
681
696
683
677
1129
682
1413
684
702
680
273
307
1429
1122
683
1435
681
685
1527
1509
1130
1127
1511
1950
681
2010
677
679
679
1153
680
1957
1129
681
1410
1422
1797
682
682
700
1427
680
1428
680
679
1116
1138
1411
683
680
2474
679
691
1129
1130
315
316
684
1134
677
290
1435
1520
1407
683
1138
1806
685
1438
1519
1780
1139
1441
1440
1424
1524
1427
683
689
832
1523
1123
683
702
1127
688
1432
1437
1662
691
687
689
1444
701
1542
815
1517
679
1126
1122
299
1130
1407
680
679
1671
1439
675
691
284
1126
682
706
704
1791
679
701
1129
1411
721
697
314
1415
683
1415
1433
676
1429
701
680
1418
1436
704
295
1953
705
679
1408
680
1446
2467
2472
687
700
1234
706
1967
2455
819
278
297
1418
1438
275
1954
701
680
1504
707
1676
683
679
1154
1544
1403
1402
1157
676
1429
683
1415
677
710
705
1131
2764
2026
679
1412
705
831
678
1127
681
697
1436
694
681
677
1673
1157
698
1676
1135
310
1435
1777
678
283
1420
285
682
705
295
720
1233
1124
1124
682
708
295
684
2013
687
1412
1123
1436
682
693
1431
684
1436
316
1126
1414
680
1789
1414
1407
709
2468
1803
1542
1671
2015
1437
2021
1140
722
1515
2471
690
1434
678
1138
675
692
685
1799
2025
1142
1788
680
675
311
292
1793
1136
1411
1674
1518
316
2012
2472
677
699
1139
1438
1426
708
711
685
677
676
1425
1520
683
1527
311
789
1275
677
2470
3254
710
1435
275
1962
1787
282
697
1509
682
1142
679
1531
293
1411
293
1428
676
278
1139
680
700
678
1129
1230
707
1425
707
1124
1232
3254
1122
1127
1425
2467
1544
1421
1137
1962
1417
1789
1420
707
1415
1415
1424
1416
708
711
1153
1782
1412
679
1805
300
1124
722
707
1437
1122
309
679
1123
1129
679
709
1135
722
1436
1796
722
677
1123
686
1245
722
1438
1436
2466
667
1960
802
2467
278
701
289
684
1129
692
722
2018
676
722
697
300
683
682
298
1541
1126
1245
699
696
2022
1119
1245
680
1408
1410
677
696
702
1232
679
2474
1122
683
1406
1139
678
677
1529
1422
680
696
1426
688
679
1411
722
2474
310
699
679
678
679
1421
707
1414
1123
1418
688
1943
708
1150
707
1426
821
1769
683
695
706
1418
1797
682
314
2757
1435
677
678
715
679
722
1150
1231
722
1946
701
709
678
707
1423
676
679
2009
680
680
1137
1436
1438
1432
1781
1780
1438
1138
681
680
1956
684
680
312
1440
1123
694
300
688
1409
1672
2005
678
315
1412
706
709
308
1437
312
1434
675
683
675
704
2469
309
722
679
685
678
702
678
680
1127
690
284
682
679
1431
677
2462
1781
1810
710
1438
1123
1946
1436
682
681
1415
1414
287
2462
1410
1789
681
2026
1156
2019
2472
1957
2470
312
708
681
1411
722
284
695
1413
1788
722
2472
313
682
675
722
705
1673
2475
312
690
1122
1799
1437
1143
1124
1421
1437
693
1124
2472
1404
683
1437
1512
683
2459
678
709
1137
2010
679
1153
1428
685
690
1413
674
722
677
2467
310
1523
1125
1790
1936
1437
1526
1543
1430
1409
1438
1437
676
676
1522
1415
301
2464
690
1432
2027
1126
1415
678
703
1645
680
312
1122
1231
1436
2013
1411
684
2744
1145
1143
1410
679
1410
684
2027
1410
1791
2469
1424
1666
677
2458
1410
300
677
294
681
698
1123
2012
2014
678
2021
2469
679
1437
1960
677
676
680
1122
1122
677
316
722
1411
1429
283
1122
678
680
678
691
1132
1427
1122
677
316
677
295
1412
2468
2776
1787
674
274
1410
1122
2472
677
681
2003
678
681
796
303
680
679
1798
704
1542
679
1779
1414
1433
1117
702
682
1434
720
1433
1232
1433
1422
1433
1519
1678
1437
1405
721
1123
1417
2012
680
683
1793
2048
1411
1430
1145
680
676
2468
290
2466
1527
1118
686
1543
2463
313
676
675
682
3254
680
701
1128
722
1409
296
1414
688
1429
1125
693
263
2761
683
2466
1421
1437
1421
1512
1416
1141
1120
1787
2463
683
1525
677
675
679
690
678
314
1119
687
1434
1543
683
1407
677
677
1158
680
705
314
2473
677
1426
314
1410
1790
676
677
2475
819
1240
313
1676
304
314
1124
681
1543
1793
1427
1762
679
689
1516
1412
678
1542
680
1528
1526
1124
314
1412
1541
681
676
1404
1409
1528
680
697
314
1674
704
1436
682
1426
1788
722
1522
1524
314
1442
297
1407
1544
312
307
680
680
677
722
1124
1411
1245
678
1541
2468
699
1787
1411
675
1785
679
1956
682
690
676
314
684
706
721
675
1427
1437
687
687
275
1410
682
1411
1544
1433
1238
1426
700
680
680
674
312
675
698
677
2461
1248
2014
2014
1504
1428
1246
1436
2467
1541
1416
1123
303
677
1136
690
1541
677
314
689
680
1432
1424
1137
1525
1120
2468
2470
676
1410
686
684
676
2472
1125
679
681
294
1430
691
689
721
3252
683
703
1426
2011
679
1436
1412
678
1129
2466
679
1407
679
681
1408
708
676
1414
2015
676
681
688
1527
679
673
2761
1797
675
678
1799
1788
690
684
679
1424
688
678
1110
1152
863
294
1439
682
681
688
677
1407
298
1786
1791
676
1407
685
684
1414
683
678
677
1793
675
2474
1526
1418
681
1403
711
1964
722
1120
689
1407
674
306
1786
1954
1234
1419
273
684
680
1118
678
1138
677
2731
1427
1244
679
677
680
1960
1413
1525
696
2464
2471
1665
679
310
288
1125
2023
2013
1525
682
313
701
279
675
679
679
721
682
678
300
682
677
679
1412
676
678
678
678
677
679
1415
677
678
2471
722
1523
1788
679
1667
680
683
688
1244
2442
691
1803
677
1544
2469
1666
676
2469
684
677
677
1541
1795
678
1955
1797
680
706
1522
2471
680
677
1541
299
297
1134
697
2474
300
1529
1120
676
679
1124
1788
1248
1242
676
2466
678
679
704
675
1789
1784
1248
310
1783
679
2003
1788
2470
1126
1647
687
2466
683
709
1521
679
1243
2471
680
676
1524
688
678
1527
1960
314
1412
1955
1430
1542
688
681
682
2009
892
677
1124
1125
1525
1520
313
2467
689
684
1793
678
1677
1542
1121
699
2009
2461
314
821
1432
2462
1805
289
689
679
2470
1524
2464
3252
312
1511
1418
1784
1428
2463
687
679
680
1796
1775
307
1544
1523
1785
720
1409
1777
1427
680
1240
677
2467
1129
1411
303
1792
720
1751
1524
1130
691
1440
1124
1411
1523
683
303
2467
1410
685
2468
1521
1527
1153
1149
1788
1131
1788
720
2754
313
1527
3253
1543
2471
1956
1785
2466
679
1787
1542
674
678
1954
1544
1544
2017
1437
1544
679
1127
311
1431
706
1413
2464
2452
1504
1804
678
1797
2452
683
679
2474
1417
300
2470
2469
1418
2462
1544
719
2003
288
1958
1957
2463
313
306
1520
311
681
695
1407
674
2469
822
708
677
1530
683
2005
1655
1542
2469
1406
677
3252
680
677
1130
1782
1119
285
1130
1528
1521
721
310
