1127
702
254
1132
261
256
298
884
272
262
252
300
297
297
1137
276
294
278
1437
287
1132
301
305
248
311
302
696
283
299
305
306
310
308
290
308
281
310
719
264
898
282
260
295
657
704
304
290
304
722
722
845
722
868
1781
691
712
301
310
681
309
309
714
305
305
304
1132
1124
298
704
722
821
312
684
1127
677
677
681
313
309
309
704
313
660
895
722
898
862
694
687
312
1131
712
697
823
895
843
1437
294
681
1135
1127
722
716
1132
311
722
850
312
695
1129
311
898
1128
272
307
688
311
277
294
881
296
867
307
707
885
677
1437
1125
1132
283
299
722
1439
887
307
314
299
314
1127
892
308
1131
1408
1134
310
1123
706
299
678
293
302
312
696
311
311
316
702
311
704
297
708
313
1132
299
311
315
670
252
691
707
311
306
678
683
316
1138
288
315
677
1139
694
696
691
683
296
312
298
314
722
316
1127
1134
304
299
1432
278
312
796
299
313
685
314
305
1131
1434
838
1131
276
287
294
310
291
715
313
709
1141
312
685
864
1789
1134
295
1127
303
687
682
1441
1130
677
293
314
687
311
306
1130
1130
283
311
722
851
298
1129
292
307
895
277
711
710
311
298
314
692
312
313
704
1139
695
1143
685
722
292
698
312
310
720
305
720
309
290
314
304
303
289
303
313
299
1139
722
267
894
305
313
683
719
1440
843
289
279
678
312
314
692
316
308
315
295
292
817
1139
1426
722
1139
304
309
306
680
311
1437
314
312
307
307
685
1126
312
284
308
309
315
308
1433
1136
297
302
308
708
671
298
307
701
279
299
311
310
313
311
311
291
303
310
314
314
1123
722
898
300
275
297
1140
292
856
314
311
1125
300
311
266
314
299
1439
813
702
303
305
313
308
300
893
299
1125
303
305
1504
306
315
682
704
296
1113
301
296
314
309
303
289
701
676
702
315
315
680
299
311
848
719
1797
311
309
310
302
312
315
1124
315
676
697
302
851
694
