1125
300
792
308
720
309
689
1124
295
784
1387
276
722
303
307
1131
722
704
298
898
1125
1128
297
288
1441
898
677
296
708
309
300
653
312
1127
313
311
311
311
311
311
823
285
898
280
705
1124
682
309
701
315
308
311
315
686
315
836
710
683
679
1436
1128
291
313
310
313
310
298
826
296
692
679
309
310
311
305
306
313
303
721
313
297
275
898
1141
275
1122
309
308
311
311
311
311
311
681
297
695
263
706
308
308
311
712
720
699
315
311
310
313
309
308
700
315
685
898
698
288
311
794
315
313
1128
685
312
689
706
702
1133
298
1126
313
295
691
1125
681
311
316
313
839
699
311
1438
661
290
677
697
1222
1439
296
1131
697
313
841
711
291
283
680
1440
661
302
1439
285
314
1129
712
698
691
295
721
1123
304
700
307
310
315
278
305
1126
243
275
308
679
1415
311
1127
280
304
663
697
298
1510
819
898
697
1129
693
292
680
694
305
303
290
292
298
313
303
695
699
313
311
282
690
