230
855
309
659
787
1417
838
1123
722
277
1138
295
791
286
847
293
270
270
293
297
311
805
722
705
288
1225
271
710
674
895
296
263
676
1123
722
299
308
271
1437
291
295
721
315
306
679
299
295
313
673
722
281
705
693
298
299
308
691
298
301
306
284
703
699
293
315
311
312
291
1129
699
685
898
311
833
703
1234
1127
1138
709
701
309
701
833
706
689
310
310
719
311
276
1114
289
1127
895
307
708
653
804
1671
314
708
310
313
310
697
1113
676
311
311
1124
314
302
303
895
295
812
663
1130
1437
707
310
701
315
311
691
310
310
311
1422
302
687
311
269
311
311
681
698
310
702
1440
709
314
307
312
314
1220
311
297
301
708
313
307
1130
311
311
310
315
310
694
1218
291
706
305
314
310
309
1429
688
839
686
311
297
1134
689
316
797
315
676
315
898
681
309
1126
1415
294
688
303
772
722
680
1139
712
697
304
686
311
893
311
295
314
297
713
307
290
310
311
303
316
309
308
311
711
310
312
310
312
1130
295
304
312
301
685
1127
1138
704
302
719
281
685
704
313
300
708
852
299
681
712
311
690
310
697
311
697
304
298
300
307
302
311
316
311
311
691
311
300
287
310
310
299
310
298
895
843
673
658
311
297
836
1129
312
311
310
1126
314
298
295
1111
692
291
295
682
299
1523
305
315
302
312
704
680
313
1226
283
293
311
865
295
311
857
296
288
304
290
306
1437
1128
898
884
303
829
688
311
1436
709
696
305
1240
678
288
828
682
873
695
314
310
312
276
898
690
681
298
311
686
313
695
312
689
669
301
315
894
794
313
713
307
836
698
307
837
722
302
309
304
674
708
314
312
297
701
697
703
816
699
312
1213
305
675
1437
820
300
269
702
686
693
1660
315
312
313
311
311
314
315
312
311
701
314
303
712
304
665
310
302
315
299
696
311
311
311
694
311
713
867
298
302
1401
654
276
304
308
703
271
295
897
855
681
1115
289
301
1125
289
1116
309
307
283
311
296
898
292
898
315
311
294
310
312
835
312
315
722
852
311
313
285
689
1125
691
308
315
872
1127
312
310
306
312
311
1136
1115
703
680
1142
269
809
293
722
702
312
302
311
308
311
298
288
316
696
312
311
312
311
315
307
305
296
303
311
315
289
311
315
310
314
311
311
309
311
1418
287
315
290
898
300
264
681
796
694
696
310
714
1135
309
298
311
307
722
310
266
677
699
707
801
1430
722
712
303
305
703
685
280
1129
811
315
852
312
308
722
708
291
282
1441
300
718
694
1144
310
307
300
298
661
311
1123
676
293
304
315
1133
1127
1129
305
307
300
1139
680
291
312
270
286
313
298
309
301
811
797
282
300
1150
710
311
288
697
288
311
706
309
817
1128
313
312
1127
812
301
722
310
314
1430
308
298
284
311
292
313
310
315
698
314
684
1198
296
825
296
314
1390
311
310
309
313
309
309
313
296
1114
1130
299
722
304
1126
1210
837
290
286
694
299
299
1409
1524
303
312
679
307
303
296
1439
310
314
308
315
722
304
281
818
811
309
294
303
278
291
1139
296
302
299
299
312
299
308
840
309
314
722
285
305
719
311
695
308
310
292
280
1132
861
286
280
704
664
304
313
693
310
898
1440
307
292
310
704
671
296
1411
898
274
1240
813
289
849
711
304
835
299
307
287
303
312
290
309
292
308
1955
696
303
860
818
287
302
283
302
284
687
311
305
295
1131
300
298
296
298
1402
706
289
306
306
309
671
297
679
312
655
269
313
706
697
850
305
310
313
295
699
315
298
282
310
314
1202
309
683
268
311
311
255
302
300
713
790
1233
698
700
826
707
263
1138
694
898
305
301
303
310
288
287
883
289
283
300
267
299
835
887
845
861
294
278
867
832
662
311
311
311
304
1421
290
681
853
701
696
293
864
308
298
300
282
302
311
279
302
296
687
300
278
297
898
294
841
1439
305
706
722
299
309
298
311
680
312
310
308
311
1125
814
672
680
895
894
1406
1115
681
682
711
676
833
311
313
313
293
313
678
290
1126
313
695
303
855
311
1409
1439
705
312
294
310
301
682
1123
1124
898
283
703
680
1417
308
831
1429
301
824
666
1130
660
702
310
312
310
312
315
298
722
293
312
307
296
295
705
288
698
711
1134
1156
1437
869
296
290
679
311
702
682
309
1192
693
295
310
299
310
308
303
308
1132
304
698
303
312
306
299
296
270
314
672
310
1427
291
314
305
703
301
311
303
285
268
269
301
286
314
310
301
706
682
283
306
314
311
308
701
309
309
683
310
307
302
307
310
309
291
312
691
1411
312
1136
301
718
291
703
292
311
305
314
299
1139
311
305
295
295
293
857
679
677
291
250
278
294
695
310
314
313
306
279
299
667
292
696
299
303
269
315
300
308
1132
298
312
298
689
1219
898
1125
1138
312
309
720
305
722
894
687
299
304
295
314
706
710
692
292
311
690
682
313
296
704
309
709
309
705
898
296
1406
293
707
710
698
303
687
294
1122
292
708
303
281
1128
1128
682
666
707
834
310
308
270
309
688
302
705
311
701
311
705
311
303
301
301
681
684
309
296
703
703
895
706
681
290
701
313
290
692
286
299
691
288
277
274
314
722
289
271
305
1671
698
699
705
1136
306
898
682
314
816
304
676
288
275
299
677
1229
710
307
283
705
310
300
298
284
704
273
300
304
302
307
704
286
303
294
302
304
302
700
309
697
302
293
1139
653
862
700
296
1126
278
667
306
681
1432
1130
709
807
701
684
858
1676
304
297
312
1440
688
1125
858
1429
311
309
775
285
315
1123
279
292
314
307
705
294
708
312
310
280
1126
710
1438
295
709
699
1123
308
292
722
311
310
305
1129
704
689
857
313
804
684
703
691
699
1123
1433
704
700
1128
682
314
1123
707
1140
705
676
303
688
1125
1233
298
1218
699
313
290
699
304
298
896
310
826
684
311
704
829
895
687
1408
1129
1125
1123
891
679
707
1127
699
1126
308
310
896
1128
845
682
309
286
1123
682
805
1129
286
792
308
681
896
696
278
683
1437
299
309
303
300
1124
706
781
294
839
707
291
720
701
708
1126
862
290
1430
685
1124
309
302
829
649
820
699
1117
898
294
1122
699
711
1129
1123
1125
311
305
702
1127
701
666
693
1121
888
703
701
702
708
695
705
705
1122
688
305
1524
687
310
822
705
814
312
296
687
1128
310
812
722
691
707
687
680
281
1439
1113
708
313
1130
302
1130
307
313
1126
703
312
1430
313
680
1125
1437
709
312
1126
1441
1436
1127
312
286
1441
301
680
1138
1508
1136
698
1119
1123
297
837
1211
898
1800
709
1142
1124
1128
701
680
697
1523
1155
696
680
712
1797
681
708
311
1433
1127
698
696
1125
696
684
294
695
810
691
308
282
314
288
698
1412
1125
276
711
1419
1408
1411
703
708
1425
684
681
698
312
890
690
708
673
1123
706
710
693
682
310
311
315
1134
307
300
710
309
1131
705
310
1110
305
691
1140
690
696
1124
1126
696
722
896
310
703
1678
704
697
683
1118
842
692
1127
298
1126
697
700
1119
1430
1436
690
681
698
708
704
1128
699
705
1443
1116
685
714
275
1125
700
299
710
1127
1524
1124
682
707
682
312
1136
821
1125
691
709
694
1440
306
301
1124
845
686
679
1123
1124
681
704
680
313
683
697
700
312
1117
1125
311
1114
1119
706
713
704
315
695
304
722
311
675
799
687
294
1135
687
673
680
312
1397
1528
300
1141
681
294
1117
312
837
298
1129
276
1429
839
311
1124
679
1226
1128
695
687
681
295
1438
1125
827
1128
793
310
874
287
1512
1118
1129
1437
1434
689
680
688
689
314
312
1127
1126
700
1125
697
1127
311
679
1234
898
693
1206
307
1399
841
1125
293
1125
675
1428
703
1119
1124
1127
1435
300
695
720
1133
1125
314
696
298
677
685
689
1125
684
271
302
677
1123
699
298
306
1119
1124
1123
1122
1230
310
1437
1125
1116
314
678
294
1234
1127
1127
705
305
302
710
1126
1158
1127
722
1126
688
691
1116
314
1428
898
310
705
720
1438
1125
699
1128
1123
314
856
313
1442
310
1439
1128
818
1115
312
287
1436
1527
811
823
1111
705
1122
310
1124
720
1122
1412
310
1438
1154
1119
1124
296
295
1424
287
1436
680
711
1139
1443
1128
1420
1530
1439
709
703
705
1410
271
1123
1122
312
816
1126
701
694
1679
1502
1231
684
1123
1436
1129
1120
1125
289
677
298
681
686
1131
693
705
1122
1125
1123
1122
1157
675
1413
695
291
291
304
681
1127
1122
1433
1441
1424
307
1523
1231
1125
697
291
1434
1436
1115
1427
1153
1130
1155
1433
1439
722
1433
1119
699
1123
1115
1116
699
306
697
312
713
688
2468
707
1120
1431
1438
695
1119
296
315
1962
298
313
692
1123
314
1518
1126
308
1124
1423
1126
310
835
1238
298
273
1438
1793
697
701
1125
1117
315
314
1434
819
1132
1130
1121
1526
298
312
1441
706
1117
1120
1127
1115
710
1430
696
298
722
721
314
693
1438
695
311
1122
1436
1133
704
1435
1431
1678
282
313
1436
300
692
706
1138
1426
1670
898
1153
1138
692
1433
722
1127
1522
1437
704
1124
684
1524
721
1406
1432
1121
288
1126
313
805
694
1525
1429
1437
679
1526
305
309
719
312
1521
311
1436
1440
1425
1524
698
1117
844
1436
1408
1153
315
306
1123
701
1526
286
285
1437
1121
294
1123
1409
1528
1438
1414
278
1141
686
1437
294
308
1429
312
1132
678
1434
312
1528
711
697
1422
1433
1119
310
710
1424
1126
1529
1413
1524
1439
309
1123
698
1431
1414
1130
1123
1125
1425
1419
1425
1128
1436
297
1415
1427
1526
695
311
1122
1123
1524
1526
1528
1132
313
310
858
678
700
701
720
893
794
295
1129
707
1135
692
1417
1137
690
1438
1526
697
1441
1433
1129
697
1437
312
703
1435
1416
313
683
309
706
694
694
315
1433
722
818
1123
709
820
1438
1435
700
1414
802
1527
1527
310
1528
315
704
1122
1439
1678
1125
696
1430
1129
1519
1436
1419
1409
1436
697
2025
721
1411
824
1428
1527
703
1124
1123
1525
1424
1432
1523
697
1156
1523
1435
1513
1523
705
1509
1523
1437
311
689
1151
683
1226
699
1680
688
1805
722
1430
696
310
1529
1435
1434
1436
1418
1794
307
1118
1225
1431
1523
1411
1436
1678
722
682
1123
673
703
301
1410
1118
696
1525
1542
295
722
722
1411
694
1433
1438
1128
702
1124
1132
1434
1793
1123
1123
1153
676
1414
699
705
722
1794
1126
1226
1439
1438
1122
2025
1527
1402
685
272
1523
1124
708
1432
1427
692
1392
1126
1129
697
1524
1129
710
707
309
1436
1129
1438
691
2023
1435
697
1433
1156
1128
700
1433
1126
702
709
1154
314
1126
311
712
1232
696
1677
1127
300
1524
696
1435
1125
1524
679
1795
1433
1435
310
1433
1524
1526
1119
702
315
1529
1417
694
1438
1411
703
1528
1436
1129
289
1129
1793
697
1527
1523
703
686
1122
1412
307
268
701
686
1438
1412
719
1417
1529
1425
1123
295
1429
280
696
684
1426
1128
1429
696
702
1125
1127
1130
706
1410
683
722
689
688
696
1443
1433
825
305
1127
673
296
1528
682
701
682
1126
697
304
1410
1433
705
1130
1526
1677
1129
311
1152
805
2009
690
299
692
705
1417
1435
1118
684
1429
1671
827
1117
305
309
1526
1122
1414
1128
1122
311
309
310
1526
1126
1531
1672
705
1123
296
1791
1414
1512
684
314
678
1415
314
722
2732
807
291
1438
807
699
1126
1155
312
1530
1127
1125
296
302
308
305
1129
1127
1780
817
696
1432
1677
1432
2017
1128
1123
681
1664
675
1143
1123
679
1423
1122
301
1437
1436
1677
681
309
1129
1442
687
312
691
819
1523
1129
701
699
703
1122
1133
1122
694
315
1134
1127
308
293
722
313
299
303
1438
1430
302
1793
1130
706
679
722
1138
680
310
315
288
1666
312
1523
291
1441
314
686
303
294
1437
1123
1670
695
1525
311
1520
680
701
1131
1526
1435
1431
1145
1782
699
693
688
1527
720
1405
1440
694
1153
1134
1521
1405
1218
685
1126
691
1412
1123
1117
1529
309
304
1438
705
1528
1403
314
1410
1130
1126
299
1429
1140
1130
1414
309
1122
1120
1123
310
1674
1676
297
675
701
680
691
301
294
1420
299
679
1420
2019
1528
297
677
684
1152
1437
315
314
1129
1673
1435
1437
297
1432
691
702
681
692
295
315
1122
1425
1247
1434
1139
687
1123
1129
297
1238
690
1439
694
1522
704
283
1429
1514
1434
689
701
278
1526
1436
1680
694
705
697
1443
692
1122
1130
1220
1408
295
1441
1128
296
1438
843
1128
1438
722
684
297
1435
689
692
1122
296
719
1236
712
687
1413
685
1524
301
1130
689
312
1432
1522
1436
2024
311
1788
1436
704
707
1128
1660
296
297
693
704
722
679
1130
1426
1127
686
1123
690
1512
1152
1152
1139
1436
1126
1410
821
675
1123
683
681
1127
1124
678
1438
1131
1672
313
1515
295
1438
704
1127
313
1123
311
698
298
1436
312
709
703
1431
1522
1437
1526
808
697
685
1134
1412
681
1155
310
690
1228
683
698
1430
312
1127
301
1441
296
707
313
1797
675
1127
678
1668
1415
1441
1416
1438
1122
1122
1437
1131
1436
1129
1416
705
1412
1432
1430
1229
1126
1437
676
1431
312
1122
312
709
696
676
1528
1153
722
712
1130
786
1122
1421
312
1436
296
315
1438
1228
1436
1800
1410
1122
311
1410
296
312
1117
314
722
699
298
312
1416
306
696
687
698
1411
314
681
1522
1131
1436
1126
840
315
1437
2012
315
801
311
294
813
1787
1124
1788
1523
1411
1235
1123
722
1128
1527
861
1126
676
310
1436
1435
1410
690
2468
1125
704
1135
314
314
1129
1523
1122
675
297
1124
1435
722
1411
1123
312
702
1412
677
706
1438
315
1804
1405
1417
311
702
676
312
705
701
1784
1789
1432
705
314
1506
1438
1415
722
312
1226
707
1416
1132
300
1127
1515
1109
306
1515
1412
303
1440
708
678
1673
676
1437
1488
1129
314
1410
310
1128
307
722
289
2468
1229
1446
1124
1437
1414
1437
702
310
1527
1127
295
314
1430
1124
311
1125
680
1954
1440
1425
1445
1438
1524
722
1118
1411
1230
702
1126
295
701
1126
315
1445
1431
300
679
306
706
1437
295
690
279
315
688
675
678
1116
312
701
1233
1437
722
1433
1432
311
1418
1419
314
711
314
1123
679
1410
1122
312
1125
1792
1245
315
2709
1429
299
1525
2472
1243
310
1130
1410
315
1505
682
1133
1430
693
1663
315
1416
313
1413
1434
2471
1231
314
1425
1674
1123
680
1126
722
1417
312
1678
709
1399
1123
679
1411
675
686
1125
312
313
313
1124
1529
1408
1673
294
1411
1682
1421
298
2752
846
313
311
1126
2024
1417
315
299
315
1129
1154
315
686
1514
307
1432
1410
682
722
1434
310
1121
1674
1440
1412
2027
1442
2470
676
1408
679
686
311
678
2756
834
710
313
679
315
684
695
1131
1446
1523
2475
722
1436
679
1129
1132
1420
1415
1433
675
699
1412
1123
702
1128
1411
676
303
315
1131
1412
1522
898
1132
675
675
1411
700
679
315
684
312
315
1118
1429
1133
704
818
1959
1434
1123
1125
310
1429
1416
289
1128
1407
288
675
1138
311
1434
682
1794
307
1435
676
710
1243
312
709
1434
1125
1120
1427
1667
1527
681
676
1795
314
1953
1123
1415
1128
315
675
1431
3252
289
898
314
265
1415
1128
1425
677
1526
1436
711
1435
722
705
1957
1117
677
695
311
1790
298
697
312
1789
1790
293
303
678
1113
1128
1779
698
1417
1435
1118
1676
1429
1668
310
1435
299
722
311
1438
2024
315
1437
840
1427
1414
315
1430
1131
314
706
1441
1126
2023
1244
1798
696
300
1124
676
1400
686
1127
2474
1121
1128
695
1432
311
312
679
680
1664
1117
314
1125
722
686
1433
1523
312
1419
722
703
309
682
1433
1129
311
1413
301
1425
696
1126
1436
1433
1784
1441
314
691
700
675
1123
1117
1108
687
722
1245
307
677
309
1431
679
1960
692
722
1433
1428
1957
1409
1126
312
288
304
699
300
681
1124
303
720
676
693
312
1419
690
695
300
311
309
863
274
694
302
296
1433
697
314
1958
687
1531
1136
678
1424
1116
1434
1137
672
278
1676
1432
312
2461
1680
694
1435
1126
1434
1126
311
1788
310
1126
1435
312
1436
315
311
703
1208
2460
291
275
312
676
1125
1430
309
677
2461
813
677
1127
697
680
1427
311
315
309
314
1245
301
1234
1431
683
1440
298
686
676
1126
690
689
677
679
687
315
1960
2023
1429
1437
1124
1122
675
680
1120
314
1438
1960
1424
1515
1954
301
1432
711
1138
1437
1123
1438
2012
309
314
315
1126
683
677
314
2470
2472
281
802
1118
1409
308
686
1396
2756
311
719
314
677
1154
681
304
299
687
680
1673
722
1675
315
2472
687
313
303
1426
300
678
677
681
303
1783
311
678
2480
687
315
681
705
1433
311
311
314
1438
1117
1130
708
677
684
1423
1135
1125
1428
1151
1674
696
1118
676
312
301
699
2024
678
1528
1425
2006
678
1432
1791
312
1415
678
680
297
1794
711
1787
1408
312
678
698
722
311
1423
283
692
681
2467
309
1788
1795
722
1786
1677
1123
1425
1675
1436
304
1784
314
1525
305
696
1124
1435
287
679
300
679
1957
310
312
1235
1116
1526
680
1223
1269
675
1522
1423
1236
1130
1234
1119
1789
1427
694
311
680
1959
1118
1436
722
1416
1674
678
1527
695
1787
1437
1402
678
295
708
1790
1119
309
1681
1675
1405
314
679
1514
1437
315
691
686
1544
1438
1123
1793
315
1525
676
678
309
677
1129
315
308
314
686
1436
314
1526
681
1429
1672
1795
1438
695
313
1788
3253
1228
684
1117
314
697
684
888
283
2473
315
315
300
1413
308
702
689
1436
698
2471
1127
1663
1408
720
1435
722
315
312
1425
297
689
722
676
315
1126
707
1416
1410
1122
680
680
1518
308
1126
1541
1420
1510
1421
300
297
1526
688
676
1429
678
692
707
1429
1544
1421
1794
1118
1667
2020
685
691
1531
1120
676
1230
691
1800
315
680
1956
1959
1410
299
1788
1413
297
898
1117
1436
1674
1797
1529
2468
678
1673
1436
678
294
2024
1413
1789
2755
1522
1540
898
313
1796
304
2028
1542
1124
702
1529
679
3253
1438
314
1438
311
844
1438
3253
686
685
1139
304
675
676
307
677
1125
1246
1433
1401
1672
680
678
679
1666
2461
1437
311
683
315
308
1120
1423
313
308
1962
702
1431
1424
1524
1139
2466
675
1957
693
687
288
701
676
1958
1791
683
680
313
694
689
1797
1132
680
679
1673
1155
703
313
1426
1803
1436
1528
2466
1947
314
313
276
709
2020
1131
2031
675
308
1675
1414
1784
1796
686
2471
3253
1766
721
313
1665
1543
1966
2468
678
680
1439
311
1438
1432
678
686
1412
676
314
315
278
1521
1120
1130
1524
316
1435
679
682
1119
1115
674
676
673
1406
1122
2013
2466
2463
709
2453
1128
676
1426
1425
1671
1784
1123
1511
1122
680
1428
313
311
684
722
313
1646
1426
677
690
699
1658
679
314
1428
315
1428
1523
1808
1962
1116
1403
702
1946
1125
1783
2026
1123
2024
1436
309
1405
853
1417
1785
687
314
1779
685
2023
1427
1247
1430
1426
312
1417
1790
704
708
721
1429
695
676
1437
676
676
3252
704
688
277
299
1784
679
721
314
1118
314
1415
703
312
700
680
1438
692
315
2462
1119
1245
309
1956
680
696
1671
2025
1126
718
1523
1960
681
1789
1124
1967
678
1122
690
1117
676
720
1785
1959
1792
1439
1526
308
1516
1509
315
1529
1130
678
1519
3254
1136
283
1960
274
1124
300
1125
1434
676
1411
1776
1141
300
1439
1529
676
1402
3252
314
263
1135
688
1528
686
311
1438
1669
680
1795
2466
1434
1118
681
1138
675
291
1135
680
1433
2765
1119
1120
289
1964
718
1128
1422
1512
1961
675
689
834
294
313
1772
2450
1409
1119
2472
677
1525
676
2019
1430
1528
1432
1515
675
675
720
676
3253
1438
1428
314
2462
1525
697
301
1796
1124
1426
1789
1957
709
1415
309
299
683
304
680
1801
1822
1411
1954
1525
1433
680
1957
1120
1436
701
1521
700
1788
1524
314
722
1526
2469
314
1133
1823
676
1108
1959
1517
298
722
1435
1122
1415
314
678
679
1822
1523
1242
705
1435
1527
1435
1791
1434
698
679
2474
1542
1418
675
291
676
678
1526
1430
3253
722
1529
1417
1787
679
1121
314
1957
314
699
1392
1432
286
2042
2025
1244
313
1433
1151
1959
1117
720
1121
679
685
1526
298
1122
2759
1132
2015
1789
706
1428
678
1530
1434
1243
296
698
678
1436
675
1952
678
712
1524
1124
1787
1246
295
698
1427
1118
300
1131
700
1527
675
676
1965
1153
677
678
300
685
1436
722
1792
1246
1525
279
2019
687
720
1827
676
720
677
699
709
1526
1523
298
679
311
312
687
1525
680
1961
677
311
1529
311
676
678
1755
685
1786
1428
679
1676
1960
721
310
310
678
720
1787
1666
2469
1232
720
2461
308
1523
690
1946
1525
1437
1137
1413
1419
706
1528
1946
1955
687
1762
1787
682
678
1444
3254
3254
1127
1250
1523
1406
686
702
1525
1152
2473
2028
314
2022
1407
687
1788
1443
2019
722
308
1543
1951
702
681
1440
678
1519
690
1440
1127
680
1438
681
675
705
1428
1665
674
1125
717
675
722
1436
1444
1120
1428
1423
1146
679
1436
1516
2466
1782
298
1782
1428
2008
1430
1242
676
677
1246
712
1131
677
1671
819
1788
1516
1803
680
296
2028
1426
678
315
315
2471
1429
1789
1511
305
1436
1427
1786
1229
295
1503
