1130
288
281
1117
680
894
705
707
313
313
306
311
315
297
313
289
1222
1143
695
1229
300
293
291
311
693
274
305
311
291
313
693
1435
821
283
798
300
307
311
304
1138
1122
833
311
871
1234
722
1218
294
695
708
288
682
721
695
315
702
898
299
703
1137
298
683
695
698
291
698
309
290
301
843
669
714
697
703
313
1136
1138
294
1125
692
1438
312
310
313
314
296
310
710
311
1128
307
307
681
708
306
1507
707
273
304
701
310
687
1141
273
293
898
804
829
1400
700
696
898
863
1136
292
263
1124
295
294
828
677
297
898
299
853
287
288
301
701
722
1127
706
705
311
705
684
1224
1131
1129
310
308
298
696
307
1124
706
315
703
315
312
308
298
306
722
674
278
314
305
297
305
1404
297
284
1439
1439
273
312
296
294
281
307
313
301
310
1142
696
312
293
711
310
692
861
310
308
874
715
860
722
682
279
311
311
673
681
831
305
290
1428
704
1521
314
683
304
308
306
283
310
314
1131
836
699
699
707
853
303
309
722
689
314
683
300
281
310
687
310
304
822
312
298
287
709
677
302
283
820
652
898
688
304
694
306
689
677
311
303
708
1139
845
699
858
298
700
302
299
313
1126
689
310
288
841
282
296
299
683
307
704
1134
1116
272
307
295
898
271
1124
310
294
280
313
278
699
309
301
1125
300
691
304
694
312
668
704
720
1422
1131
313
271
302
687
307
292
1127
678
1527
293
808
1128
308
264
842
1125
697
692
818
285
278
1671
704
308
698
1135
700
300
310
302
846
898
700
1140
295
304
294
1197
1124
689
707
303
1219
305
834
282
1130
295
683
877
293
1124
309
308
309
865
679
303
722
708
1411
1114
1124
311
1130
306
292
1433
708
687
697
677
1142
304
291
692
709
1219
313
673
811
265
311
300
313
1129
684
307
315
695
305
1131
1129
863
310
315
1132
280
850
710
821
284
886
1218
1404
1135
275
304
304
310
1124
689
1124
696
681
1139
1429
696
306
288
1126
298
695
288
309
304
311
310
823
1139
309
834
314
279
656
307
722
816
292
289
709
303
303
310
303
1130
1105
691
270
284
1137
1226
303
681
305
311
898
804
865
689
311
712
284
660
236
308
311
309
863
290
310
709
892
828
297
293
288
823
309
313
290
314
303
697
1129
1128
303
308
1140
704
1123
712
310
705
303
300
303
709
702
670
300
872
294
898
1438
1436
898
309
700
300
284
722
309
293
311
1403
293
288
312
701
708
299
709
294
307
313
310
1441
820
687
1127
1495
861
298
698
722
1794
836
706
304
691
298
313
290
791
297
304
672
311
1434
293
289
312
703
313
313
315
294
308
311
1419
691
313
819
304
667
708
310
309
704
311
296
295
898
819
711
297
312
304
311
680
312
297
313
288
690
821
311
1437
314
690
308
312
310
714
300
703
898
898
311
722
309
304
1138
894
281
706
1129
865
292
304
295
296
814
290
296
288
1415
1416
292
312
843
680
302
897
679
315
709
313
296
690
1198
701
313
822
297
693
300
311
312
1434
303
1127
701
311
1135
1432
688
690
303
306
1124
309
683
715
299
1124
302
302
705
286
294
305
898
1136
288
272
1134
304
1235
690
298
722
850
1440
299
286
297
311
722
291
286
1122
691
665
1392
674
288
1213
831
698
1130
837
285
1125
1412
722
709
284
308
697
678
699
1130
311
310
290
1125
303
314
1127
1236
678
689
311
898
310
293
665
304
1517
1672
1522
301
691
301
702
1125
287
308
287
307
1439
312
711
1135
1122
680
282
310
822
698
314
312
310
1435
300
1139
722
307
306
697
816
302
785
284
694
301
692
302
312
884
682
311
688
711
309
703
1430
315
1125
1132
845
1115
1127
308
310
1679
695
719
275
691
684
710
1435
311
681
707
695
681
302
707
308
313
1142
1137
312
793
304
705
284
722
697
722
311
818
1140
313
892
898
832
302
898
701
282
312
313
299
309
1440
1218
1123
1231
811
305
311
1153
703
1154
300
705
297
294
293
1137
305
310
310
719
315
287
296
311
1222
313
896
862
701
310
311
1139
274
722
297
292
297
300
310
679
680
273
1437
685
815
1140
702
701
1438
1130
829
819
687
301
1115
307
1140
314
303
301
311
1123
311
286
722
1130
682
308
296
713
1220
312
307
1139
1124
692
1126
306
666
708
300
715
694
296
824
688
295
890
692
1218
1135
1410
792
1140
291
297
824
1136
1131
295
286
1126
293
711
1133
693
296
1419
298
1223
679
1421
841
800
706
722
301
1139
1123
667
671
283
643
297
679
304
308
690
692
682
699
314
295
305
678
809
1134
315
679
314
309
305
313
891
302
303
695
707
291
307
722
311
311
690
300
306
303
311
1128
311
689
303
295
315
703
1133
246
294
310
289
281
261
690
310
668
695
298
305
869
310
689
314
311
303
691
313
864
898
287
308
315
279
294
312
300
305
898
285
686
280
708
285
301
298
310
310
311
295
291
310
297
304
314
692
283
719
294
1127
1119
698
665
898
293
672
288
1400
313
857
1124
1417
313
282
706
705
819
690
310
307
702
1117
843
1129
293
311
681
1120
276
299
683
298
292
308
682
680
1510
1243
664
304
288
299
1116
1525
722
896
310
704
313
898
294
293
305
307
313
300
299
291
822
1129
674
796
830
697
1412
823
268
1956
1244
315
1133
1429
1130
290
841
1412
722
297
294
1129
696
1124
293
684
685
898
275
307
681
684
706
833
297
310
690
297
702
1131
1127
301
310
315
310
706
311
311
307
300
310
694
310
313
1127
309
698
710
701
1150
1153
830
1127
311
300
310
291
300
1127
1128
1126
1128
293
824
1136
297
1131
1437
308
309
697
308
290
309
696
313
1243
268
703
307
311
292
847
1135
684
310
307
700
1218
298
303
301
796
701
295
865
1130
302
684
311
1438
1118
283
308
705
309
1126
307
297
862
297
304
699
1437
722
1126
817
309
1133
282
1126
1124
678
822
708
669
1402
898
661
673
1437
296
1434
295
311
315
292
297
279
668
838
301
1124
691
791
288
679
1410
315
706
715
303
300
308
295
298
302
683
309
291
283
305
722
694
710
301
292
273
703
712
311
316
710
311
308
298
888
309
663
296
293
307
857
703
703
297
697
300
314
309
1124
1527
1393
800
1125
693
1117
722
853
696
1127
268
293
308
309
701
315
696
708
704
696
1663
307
295
1141
286
722
855
310
680
311
843
304
827
812
286
310
310
312
700
668
279
1129
681
304
313
308
1222
707
696
298
311
708
722
803
293
303
291
855
286
690
703
315
1133
722
310
293
683
847
898
722
296
296
277
722
896
306
313
684
310
898
680
1130
1241
296
308
709
291
311
700
681
711
709
839
847
711
898
673
704
1958
815
299
312
294
1125
295
686
287
815
302
278
308
307
290
691
683
299
295
722
850
1433
804
898
675
837
291
703
790
1139
300
1499
288
285
703
866
700
311
821
1124
314
293
696
311
299
310
1140
708
822
276
691
682
691
850
309
307
294
303
294
308
315
701
309
309
301
1420
717
1505
303
310
309
311
671
1119
288
1126
1129
305
678
1139
306
1214
684
1123
1126
722
311
295
718
700
1124
722
683
1429
307
1131
705
310
297
849
287
296
898
308
272
307
720
301
719
704
292
300
310
308
310
680
832
898
306
309
307
691
898
819
291
307
307
1122
309
311
312
312
293
866
255
689
309
286
697
898
1125
707
1128
304
897
307
303
685
309
835
278
287
1671
308
711
303
664
301
700
293
1435
673
722
707
825
1134
856
680
1125
676
291
1139
1136
1440
1523
1437
1436
1128
303
298
315
693
1129
707
310
314
313
311
1410
704
686
1218
710
1129
312
722
705
722
708
311
293
698
898
687
691
1403
681
677
311
307
898
280
689
704
284
1130
1234
667
313
313
272
296
677
713
310
704
291
709
313
1157
678
667
671
1510
722
688
311
829
898
1118
271
300
1126
681
1123
1124
292
289
863
312
294
683
712
1128
1417
288
1117
298
311
836
282
292
283
310
695
1132
309
697
870
683
313
292
886
284
1433
828
1116
273
722
280
896
286
693
311
314
312
680
1125
312
314
308
857
310
270
300
898
302
295
304
810
692
306
303
705
684
311
708
295
308
689
673
289
295
310
297
710
308
312
1131
806
301
294
303
302
693
313
896
696
863
1123
1248
309
708
313
704
700
708
311
701
309
896
1128
296
304
710
310
297
706
297
715
1126
304
312
306
296
1125
1154
312
307
303
273
296
1123
846
283
280
301
297
298
1123
852
722
300
702
297
683
313
287
713
682
313
266
306
1127
294
719
301
684
303
679
1418
309
298
895
294
898
286
823
298
280
304
685
1130
309
311
285
303
304
889
289
699
1126
309
695
272
315
705
310
703
704
1122
1125
272
677
695
697
306
1125
292
1125
861
291
263
1127
1126
720
306
310
304
303
298
895
706
676
294
721
300
306
311
286
1138
299
302
1117
275
1123
305
711
701
1127
299
867
1152
1136
834
684
722
289
694
1119
297
294
722
682
1410
307
815
1441
309
694
686
311
1129
309
703
311
281
