828
310
299
898
306
311
689
314
683
284
684
291
685
279
311
298
681
1418
312
297
311
688
662
293
685
302
1134
280
677
703
295
313
285
308
661
310
312
304
845
1233
304
303
306
312
1511
888
700
688
701
896
1130
898
289
261
678
881
313
311
309
1129
898
852
706
299
307
846
662
297
312
718
692
722
308
311
299
311
722
722
699
274
303
1493
276
689
308
314
1129
841
309
297
1126
301
694
1139
301
310
693
291
307
303
314
314
298
862
675
722
1441
300
680
722
303
282
296
306
310
288
312
311
300
701
694
310
1439
1130
296
697
710
707
311
833
310
259
314
310
312
683
309
672
311
310
1125
312
665
308
1400
707
722
692
678
310
307
315
312
298
312
310
302
310
310
708
312
303
312
313
312
311
315
314
314
309
898
309
1203
1128
310
1667
315
287
298
1210
1525
313
288
673
312
707
281
273
685
313
315
306
669
671
308
312
293
273
299
316
1120
1128
278
814
1126
305
284
296
277
849
700
290
314
307
717
680
300
311
312
710
300
1130
282
288
313
1124
294
824
846
309
312
663
300
695
818
1130
309
296
299
308
721
295
298
309
310
285
298
315
302
301
701
284
847
678
315
694
294
861
302
307
297
294
311
292
693
311
1130
310
310
722
310
713
293
683
313
311
313
314
291
312
282
301
1116
303
1213
1124
683
1110
305
312
310
704
697
1112
303
1788
305
300
705
896
704
269
814
272
300
839
296
310
1668
285
265
312
312
679
274
707
898
294
292
303
845
719
678
282
819
296
688
1122
293
294
313
311
722
297
893
894
693
306
722
304
257
836
678
310
312
693
315
1137
1525
313
898
681
294
694
300
310
293
679
314
310
311
1112
706
305
898
307
796
312
278
717
298
299
293
295
313
682
306
281
296
303
312
699
284
306
307
302
722
898
293
300
304
894
312
296
706
311
271
306
303
308
312
865
302
705
1131
314
311
306
312
822
898
305
302
661
282
701
306
288
305
311
307
310
835
1129
898
708
895
809
1133
303
683
309
685
310
297
294
311
1124
683
863
1129
312
686
313
707
294
297
652
312
303
694
709
898
295
858
708
312
305
312
304
306
301
705
311
316
313
306
1118
293
291
683
287
789
307
299
300
315
301
1128
315
1436
295
296
311
305
315
310
316
310
1406
712
698
696
298
661
701
836
665
1664
315
315
722
660
311
295
290
680
311
299
684
289
314
1225
703
314
294
310
898
722
299
719
299
310
708
297
721
863
309
684
298
305
315
304
316
314
304
304
681
310
313
309
311
248
311
854
898
297
706
306
683
1129
313
1438
313
659
1127
722
676
1132
302
289
275
305
719
312
303
297
708
826
302
309
294
299
311
679
292
316
313
303
313
312
313
1122
695
721
711
1126
304
294
269
709
314
702
300
281
298
722
1427
849
258
1424
275
893
303
304
295
306
312
297
315
293
309
313
313
1130
1127
825
295
697
309
311
291
302
722
1132
308
713
294
304
709
312
312
310
1132
719
304
679
298
303
306
704
311
839
1129
310
300
684
295
315
308
306
270
310
1119
294
313
271
308
282
305
1378
311
308
1420
294
311
309
296
305
310
710
312
314
299
311
310
711
305
312
310
310
299
308
310
662
310
1424
314
313
691
898
309
701
312
302
274
303
311
310
309
311
301
310
310
307
311
310
294
312
847
308
302
302
291
668
274
312
703
681
296
309
310
809
306
1126
305
306
300
812
310
897
295
281
299
309
311
298
291
311
313
311
304
310
304
298
312
310
310
312
711
306
688
898
302
263
307
310
301
302
311
308
312
705
291
312
827
303
277
302
671
259
706
293
846
293
700
310
1126
705
271
301
898
295
712
311
295
833
697
304
274
304
308
312
702
285
312
289
819
722
668
308
297
898
722
887
272
797
841
292
311
314
711
1137
277
314
295
700
308
301
1122
702
695
825
710
673
1436
690
305
305
696
1125
304
801
679
312
303
313
795
309
862
1128
696
310
827
305
1440
290
288
301
685
714
299
311
808
673
312
1115
310
697
267
1137
722
898
690
294
703
312
308
304
299
1669
898
705
287
692
680
308
311
289
305
297
687
1439
693
312
302
679
311
722
1440
307
721
307
722
710
296
1439
311
711
719
1130
296
228
313
309
308
1149
282
307
839
799
288
705
822
717
305
283
312
308
298
311
689
247
313
1125
823
699
313
299
312
1140
310
688
292
1129
303
1132
1122
693
695
702
684
312
685
812
696
308
308
859
1125
1103
295
307
297
1139
814
854
251
302
310
693
1127
304
802
227
1130
311
1125
1131
311
678
1134
1500
839
1426
663
285
211
278
780
289
818
247
842
843
294
721
295
696
300
1396
676
700
709
703
679
1413
1515
280
697
705
835
699
306
309
839
1417
1440
262
1523
678
705
692
308
303
685
1124
711
1438
805
311
292
706
1131
798
699
898
1125
700
1131
226
681
212
820
1413
702
275
1120
701
302
710
1124
295
832
310
702
286
1240
685
303
251
1180
292
696
688
293
204
784
701
695
685
704
702
719
270
679
1122
679
703
679
1120
682
308
300
898
1125
295
291
690
682
704
1137
311
799
863
709
299
1440
1127
253
298
710
698
1124
302
1129
683
290
289
686
711
896
298
676
1123
1128
300
704
307
704
796
817
681
311
1136
1115
722
1131
701
310
897
696
1120
700
819
1437
1411
681
297
702
898
854
822
688
1129
1434
800
693
310
697
300
1120
701
706
679
680
704
700
708
705
699
708
1394
686
1117
290
690
706
302
702
1122
1117
722
697
695
308
1120
678
1123
682
270
268
1124
315
297
1131
681
297
297
299
710
1438
697
679
690
295
898
678
297
313
1122
681
710
705
898
295
311
299
713
679
696
301
675
1127
1140
1124
707
283
705
1123
702
1130
690
692
1129
1124
1441
307
687
813
684
297
697
1122
1131
1127
288
1138
688
681
706
297
286
1440
1123
692
1440
679
1123
696
693
691
681
719
1436
703
680
311
1125
297
1124
1525
680
1404
1127
701
297
688
699
697
898
242
1655
295
302
696
1127
1507
299
1126
1506
711
1132
686
678
1122
722
297
1122
1118
293
1411
1399
720
1116
1126
692
679
310
680
307
693
1432
303
297
697
1129
1157
312
1124
694
722
1439
310
1143
688
1674
289
1106
1124
1114
693
691
314
679
1128
1666
1429
1111
706
1118
1122
721
1125
1125
309
308
722
258
1128
1435
243
696
693
679
308
679
701
1152
1122
300
681
1124
1125
898
680
697
308
687
702
688
1125
292
1114
709
1674
708
311
1437
692
720
697
311
1104
1117
310
695
811
302
1124
695
704
678
311
303
706
310
302
300
1115
1128
1139
272
1140
1117
312
298
298
1118
1137
1438
289
1116
721
272
316
1125
697
1104
1118
1527
1120
721
1424
1521
1438
697
1125
1438
313
311
303
1435
690
1513
698
705
1128
308
1128
1526
1121
1108
312
1154
1122
691
311
1530
303
1401
1125
1118
1127
304
313
292
1528
305
312
680
1436
312
299
1154
706
687
1435
1435
720
1122
1401
311
1421
1529
1795
307
898
1124
1430
720
1141
1132
1116
1127
309
1125
721
708
1530
1109
670
289
311
314
705
1137
898
291
673
1119
1127
1527
316
719
1423
1510
1676
1439
687
653
1124
638
1124
787
679
298
709
897
311
301
1429
1126
679
1444
1129
311
708
303
280
1124
696
679
1124
1129
708
1123
722
293
1132
310
1122
298
303
681
305
693
690
316
1419
682
299
1130
303
1674
312
1109
719
298
720
1125
678
1134
789
1127
1500
1126
1525
722
303
681
299
721
288
681
1414
1678
722
303
1123
679
830
1128
1116
1436
820
1131
1127
1800
1406
701
1680
301
1130
1524
1155
1122
310
1412
303
299
1518
1403
294
293
1436
1428
1123
299
694
833
1797
1441
1133
313
307
311
689
719
1127
711
303
313
1669
1438
304
1527
1672
1135
303
1126
313
1507
711
824
1670
1431
1129
316
298
1523
836
300
312
290
276
309
298
1676
313
697
316
1798
298
1112
307
1678
705
310
720
1399
686
681
696
1433
1667
1404
1122
1128
722
1528
1509
1419
295
1439
309
1398
1434
312
709
1127
690
1129
679
664
1128
1673
291
682
1678
1434
313
1436
282
1433
292
699
306
1512
1511
721
836
687
1116
1522
682
683
1122
1431
1135
1425
288
297
298
1415
719
248
1122
1438
1675
306
679
279
312
1521
309
694
289
1437
674
1154
721
279
280
719
1798
1130
1124
311
274
1437
1438
720
1794
1675
678
1126
302
1797
1127
722
693
1435
1426
2472
722
790
690
1438
721
314
1424
680
1424
290
678
1114
679
293
722
305
1416
311
681
1123
1121
1443
312
696
684
687
298
1778
1115
722
264
295
719
1154
639
722
298
701
701
312
681
1433
1122
719
297
1525
1436
1526
1150
1528
696
1438
693
704
677
693
1121
1420
701
720
676
1228
313
1678
289
680
1957
1437
1123
695
680
706
1413
1130
309
1123
678
681
1507
702
1436
693
721
315
1431
1523
719
682
1118
1242
1521
707
696
315
1526
286
703
1139
722
680
1512
1437
1128
1527
681
677
1128
1134
1958
688
313
290
1124
681
1527
1149
705
679
694
1427
700
1245
684
810
677
1436
1416
694
689
1438
1123
1523
1416
695
1154
1123
1444
1516
1780
314
1673
1435
1436
722
1122
302
1128
800
680
295
1524
677
679
1427
1130
678
1432
311
679
1235
1958
1433
678
694
1132
720
722
699
1425
1432
722
1525
1527
1127
722
687
700
1506
1432
679
1143
281
1435
1674
1127
1427
1125
722
1435
688
1434
1407
844
722
698
694
2012
1433
678
692
1676
685
2014
697
701
682
1527
1130
1128
722
311
314
1783
1524
252
722
1441
1416
1124
1663
1436
1418
1128
1437
722
722
717
311
1821
684
681
312
1964
1141
1128
680
680
1521
1135
1672
289
1406
289
2023
1788
670
697
1426
691
315
314
680
682
308
1541
722
2459
681
701
1666
680
694
1124
715
1411
694
680
683
683
1516
314
679
677
683
683
1430
1511
2475
683
1122
281
1406
685
1507
2468
1511
1411
679
1122
1961
722
1432
1153
1232
1412
680
700
1960
1129
1141
679
1278
2452
1436
296
679
696
1788
3254
1129
696
3252
2473
1403
311
678
1528
676
1509
1123
310
1157
1444
1122
681
285
269
1133
2009
1231
278
682
1406
698
701
897
3253
888
275
306
1124
680
1409
694
680
679
681
709
1509
1431
722
311
1517
679
2018
722
722
2464
1125
699
722
1126
315
302
2011
1230
1130
308
1423
707
685
722
1934
3253
1427
281
1140
307
697
2016
722
1142
312
680
719
683
280
2463
1414
2753
705
683
699
279
1128
722
2452
826
2470
680
1407
1793
1512
1153
1767
2014
1745
680
2453
1126
1126
1125
722
806
286
840
2467
1123
2010
1784
1125
1412
1125
2475
1418
2468
1123
2015
1526
1411
3254
308
1507
685
1157
676
1788
2476
692
1217
310
1402
1399
1413
1954
1410
1120
1680
2026
1436
679
1117
1404
722
1137
697
1524
304
722
1522
1126
1418
302
1243
1152
315
1959
310
302
1128
1437
1136
722
1129
311
264
1412
1659
689
1410
1430
682
1416
1516
2014
1526
1516
2011
1523
722
1126
1539
722
1434
1122
311
291
722
311
1511
295
1122
696
722
1436
1434
1155
1939
2022
722
1406
1524
1240
677
1523
1640
2473
842
2022
2016
2472
1127
684
677
1419
2479
1268
701
696
692
1406
1114
720
1433
1413
1155
1964
2457
2471
701
1951
1406
681
1528
1128
1776
1434
1528
1405
785
695
1420
2467
1522
1523
696
2472
680
1124
682
1529
285
684
1127
1129
284
1240
1227
722
1767
2009
1154
722
1503
1273
2018
1150
1783
699
1158
1437
2011
701
1409
700
308
1128
1523
675
1957
1127
722
1123
2461
707
679
679
2012
1515
1135
693
1122
1122
1411
678
2025
1427
1273
1800
705
1417
1796
679
1133
1412
1439
679
2011
2014
303
2025
2009
2471
1112
1515
292
3253
3254
1277
1526
1133
1415
2470
860
722
278
315
898
810
1951
1680
2013
1432
1676
2474
676
680
2465
2015
722
2466
1524
678
1125
719
2472
1232
719
1114
2471
701
2474
1150
1402
1412
2472
1418
676
676
1129
1791
1232
1772
2013
1158
2006
2016
682
677
2462
1772
2460
1126
1936
1544
2764
311
1439
722
1123
1952
722
702
722
682
1119
1137
722
1428
1126
1801
1785
677
675
2464
1949
675
681
1406
810
681
1125
312
2010
1795
1432
1122
1128
1130
697
3253
269
293
722
1152
1234
1132
679
706
1153
2475
722
287
1799
705
1427
3254
676
291
705
316
791
680
1421
2022
1423
1955
311
681
278
679
1243
312
700
1791
1122
1417
722
679
1803
1796
681
688
1524
1951
2759
682
2757
678
702
680
1110
678
1244
1435
679
2010
694
1430
681
721
702
1243
1137
1820
1419
722
705
1423
1230
1409
2466
3254
826
2029
1278
1124
1406
1679
1152
1129
1515
703
2021
2465
1154
1127
273
1114
2473
1957
1417
316
2470
2467
2012
1138
821
1424
1510
1241
689
1787
1224
1522
698
1157
1152
1123
689
677
2002
1791
1788
2028
680
683
2469
1412
313
2456
682
1809
1514
1415
1123
1541
1273
1961
1674
794
1640
2454
707
1131
701
1123
1124
1155
1675
288
2460
1222
709
694
1527
308
705
712
1524
1526
2465
1413
675
310
1789
1525
692
1243
2025
2474
2467
1121
1425
1152
3254
2473
3253
293
1130
1417
682
1410
296
2473
2025
677
311
683
698
703
1124
1957
1511
2473
2011
1236
1951
303
2469
1155
1770
676
1523
2474
1250
2471
2762
2018
2024
2460
1148
3253
309
2468
703
697
312
2028
2009
2022
312
3254
703
1436
1122
677
2009
702
1958
1541
684
1515
1523
722
1410
2473
1436
2469
1124
1423
2764
722
702
1527
703
2025
2468
311
314
1124
1123
1543
2018
2468
1141
1513
308
681
1236
1941
1424
1958
806
299
678
2763
678
2455
1157
2025
1420
707
678
1953
1438
1439
3253
1232
1793
2029
313
1931
680
1738
1413
1126
1785
1956
694
282
1980
2469
1542
676
2456
307
1428
1278
2469
2024
1276
679
1123
2021
1124
1139
2019
1408
685
1124
2452
314
1508
1124
2744
1524
1154
1985
1512
1230
2753
2026
2469
2476
1527
700
1785
2472
1417
682
1131
1534
1127
2463
1527
690
1432
1279
2469
1414
715
679
1794
673
1799
1783
2764
2025
288
1788
1128
1430
698
1419
2024
310
1540
1153
1131
2024
2020
683
683
280
704
1522
281
2002
1445
2469
1793
1676
2469
1126
2469
708
1785
3252
1438
2467
312
1136
703
1544
1768
2464
2459
3253
696
683
1949
1136
2455
1525
2023
1135
682
1638
314
288
1519
312
1525
1542
1507
1508
2456
1126
1933
691
683
1230
1128
2760
719
722
720
678
2023
1124
1153
1431
678
1129
705
1507
2470
1126
2024
678
1792
1772
1136
295
313
682
1768
1241
1124
679
1438
1427
1414
1157
1422
1787
1946
2767
721
1529
1124
676
1947
1154
1157
1437
1126
2026
1527
2473
687
1428
1412
2464
2761
300
1152
682
291
1411
1544
1245
2464
3253
1242
1437
2466
313
716
1121
1112
1437
1674
716
2025
1428
1523
2022
680
1524
2467
701
1791
1432
708
1789
312
680
1797
1789
310
1128
676
704
680
1245
702
1111
1436
1417
1424
1127
679
298
1417
1951
1119
290
1244
1524
708
1516
1804
1785
678
679
702
722
1516
1437
2464
2765
691
1959
676
1412
1952
2443
1140
307
706
2450
1435
1133
1128
1407
253
681
1432
310
690
685
2009
1152
1423
1432
1796
704
1143
678
703
1652
1414
674
1128
1407
1661
686
1517
710
1241
674
1141
1127
1794
1523
1951
2026
1786
2471
2025
1119
675
722
1522
2461
3254
2471
1431
2477
2454
1438
692
722
720
681
1787
1428
1781
1397
1406
674
1404
676
2463
297
1413
682
1131
697
2456
1794
2468
1819
2015
2014
678
1244
2455
2463
1424
2463
677
2019
1262
1422
720
679
1417
1526
1428
1416
1511
680
1158
301
698
2469
1126
2023
1791
681
1432
2766
1785
705
1947
1406
1127
2017
1426
722
1544
1794
1409
1793
706
1436
306
1676
675
679
1515
679
1677
2453
2458
1677
698
1430
3254
1513
2021
2457
695
2463
1796
2024
1653
1131
2457
3254
311
679
1427
683
1957
1637
2029
679
1958
835
2021
1440
679
2448
1430
1677
1424
1515
1641
1508
1227
2762
1633
1400
1128
1403
1137
1140
681
1674
1928
2021
3252
312
1954
1541
1127
2006
2445
1516
1542
1117
687
722
1675
1776
682
3253
708
708
1440
1114
299
308
675
2474
1124
678
280
1219
1796
311
1141
1418
3253
817
683
1426
674
687
1132
1125
1791
710
2029
1132
1415
1431
2482
1420
1521
680
1245
2022
1130
1790
2004
2470
822
312
2453
3253
303
676
1430
1122
1790
2761
1666
3253
701
299
696
1431
1437
679
2457
298
1415
1139
1675
2455
1432
1667
2459
2024
2040
1521
1134
677
1125
702
1512
1678
296
1670
2440
1416
1801
1122
2455
1439
1794
2470
688
1785
1785
1427
1228
1277
1755
300
2472
1118
1430
1677
1960
1431
1137
1136
2466
1422
1544
1792
2759
1437
3253
1116
283
2018
276
1517
1417
310
1413
706
1786
1417
1671
1128
1677
705
2464
311
2454
1800
2460
2021
2458
1127
1155
1808
302
720
313
2010
1544
1783
1656
1792
680
2020
2009
3254
1523
1437
1798
686
308
1137
1520
708
1772
1817
702
680
1665
1137
1436
1112
2461
2026
2467
1111
1955
305
1519
1410
1793
1671
1413
693
1513
1775
1517
310
1790
1437
1783
3253
304
1543
2470
687
676
1412
2469
2018
2469
1542
1442
1790
1425
1139
693
1521
