695
311
308
690
1140
1132
310
681
311
294
304
303
311
302
897
291
310
304
677
707
710
722
311
704
314
310
680
311
310
678
308
286
303
722
810
1134
307
878
721
291
291
297
701
277
268
1153
285
307
710
255
267
1122
297
299
310
298
855
812
1138
312
898
704
722
1130
708
314
311
311
307
706
293
1135
308
1151
304
311
281
302
701
311
290
316
309
312
697
299
307
311
313
872
713
896
831
310
690
682
898
1406
1129
674
309
827
311
311
847
695
313
1131
310
700
670
284
784
312
722
700
887
859
289
1432
1438
302
304
653
277
312
315
294
315
1130
297
310
1522
690
1116
694
697
303
311
311
311
306
659
313
700
898
847
722
308
264
305
694
717
276
300
307
313
682
664
856
299
890
1402
897
305
307
292
297
670
811
896
821
295
307
308
315
850
704
301
820
864
1127
1128
710
310
311
311
304
704
311
704
311
311
898
314
898
315
281
889
312
312
311
1122
294
699
313
898
287
1440
312
314
314
311
696
1218
301
310
696
1122
700
305
890
683
292
313
314
313
833
309
1125
690
684
314
689
1121
705
312
694
1125
297
1133
1230
696
296
303
311
301
289
851
300
274
298
307
267
301
715
303
285
309
704
271
311
311
311
695
1123
695
298
696
896
305
278
307
308
668
651
820
301
291
832
312
311
835
276
1521
313
881
292
311
707
830
313
1126
292
1127
312
706
1180
298
681
1209
308
1512
690
839
896
1129
312
311
268
1130
707
311
315
894
698
308
814
307
840
809
692
314
303
316
311
843
867
310
703
315
310
299
1124
304
308
303
702
865
685
1444
687
309
311
308
1123
301
315
843
689
1425
709
1128
697
692
316
314
667
722
299
313
701
722
658
679
1128
300
313
703
289
720
281
299
309
697
898
302
680
292
315
311
312
314
797
694
679
687
297
701
316
298
681
286
695
282
1131
310
309
314
315
295
1138
680
313
1438
679
315
315
722
898
1440
303
314
1409
690
844
834
1130
310
314
311
704
311
286
311
692
300
288
685
293
690
305
310
299
1128
308
678
299
311
707
699
311
863
694
308
1114
722
898
312
856
722
297
301
301
313
302
696
685
304
307
311
303
311
316
712
684
305
291
314
298
303
303
314
721
314
297
793
806
312
306
1218
722
313
705
1143
305
683
310
315
310
312
300
674
1215
311
311
691
309
312
310
309
312
311
697
719
898
313
293
837
807
296
704
693
898
706
679
314
694
298
898
1130
276
240
709
704
298
303
305
308
303
898
808
292
898
299
681
704
300
313
311
311
722
680
312
281
1123
278
1122
300
1129
898
700
314
709
312
311
311
312
307
299
719
296
841
315
306
694
307
314
857
1404
706
285
692
1130
309
306
303
1126
299
1208
287
301
289
710
298
667
308
293
281
289
305
314
687
1148
312
849
311
703
717
674
306
295
299
308
300
1113
300
1129
1125
296
314
313
284
311
312
898
720
311
307
694
313
314
306
304
311
699
311
315
847
681
304
825
307
707
867
1130
295
307
1132
676
695
314
898
722
845
722
315
722
293
1434
1438
300
722
896
705
1152
689
310
302
303
294
273
795
717
703
291
309
311
696
309
1130
313
310
1131
688
707
1153
313
710
722
722
307
315
297
316
315
311
311
800
299
691
310
1122
702
311
816
315
1129
313
662
1127
898
313
299
266
315
702
708
1126
690
306
1525
310
308
311
310
311
311
289
315
895
1129
695
300
310
680
691
1436
702
316
722
711
299
1519
1409
293
701
315
314
1127
898
683
668
678
306
1239
898
895
296
856
300
722
303
705
309
308
898
312
288
314
311
844
722
688
270
299
306
313
308
308
310
865
295
840
1434
1128
898
301
310
312
310
692
1125
291
655
703
704
710
1124
301
1542
802
292
1122
305
311
304
863
783
702
1129
722
310
305
833
312
821
692
851
1785
312
874
303
301
862
1439
311
307
682
308
300
1236
682
704
311
311
808
1218
315
896
1130
297
1125
311
312
1795
311
863
292
305
687
302
304
315
310
311
1414
312
308
659
1431
313
313
1128
718
289
311
288
1430
1126
721
307
1125
1122
1126
311
307
821
1126
308
310
280
315
291
722
706
309
301
311
310
305
1138
311
706
1128
316
819
293
311
1408
869
270
1119
295
300
272
683
898
308
290
316
673
312
1139
281
699
818
694
1139
834
313
828
314
306
309
722
297
305
722
314
312
722
293
280
311
702
314
815
669
1434
304
287
284
311
294
314
304
309
309
722
706
311
1403
279
1132
679
896
1131
288
311
291
718
306
277
699
1667
898
286
652
680
286
692
806
895
898
688
307
868
290
710
297
845
1407
316
316
312
309
312
297
856
1390
309
711
293
667
1499
681
298
684
697
285
305
1116
291
698
722
882
703
656
315
1123
893
707
306
691
886
314
668
857
270
1427
313
654
260
294
313
294
1527
1132
840
685
1122
898
296
679
267
712
311
314
1427
309
1517
307
310
281
310
304
304
856
292
697
1130
311
313
311
303
314
719
702
1410
898
285
312
809
1433
697
796
312
697
678
311
854
303
301
305
307
298
709
722
316
289
304
299
302
311
313
315
311
1396
692
718
843
303
834
722
269
315
862
846
273
1128
1444
658
288
310
895
291
1126
680
313
714
307
1129
722
313
298
1132
302
309
1411
707
310
852
312
290
315
893
310
1433
1139
803
677
667
722
655
668
314
896
705
707
303
309
301
898
1527
708
315
314
722
306
307
295
708
701
854
1128
300
313
310
1426
681
313
308
298
298
307
298
895
296
274
313
310
313
311
860
1129
1128
882
1437
313
292
662
1129
682
802
311
295
291
1124
314
306
282
299
686
314
830
316
298
866
314
309
674
290
314
717
1440
898
295
311
313
707
1218
881
292
1410
1521
306
306
311
666
722
826
302
1424
695
1421
315
301
846
838
258
291
672
1130
683
722
269
674
280
308
1141
1522
266
1413
300
686
290
699
311
297
301
315
313
311
302
292
313
302
701
313
314
1129
313
298
309
708
1956
816
722
284
295
698
703
793
290
313
303
305
696
309
308
312
1424
813
307
1135
709
811
314
316
1129
1958
315
312
1125
1117
295
309
300
312
302
1131
832
275
315
691
677
722
307
307
709
1117
898
1126
257
295
802
1125
294
896
835
310
311
312
303
294
687
311
311
311
311
297
1436
288
682
657
312
314
311
291
690
690
702
288
311
705
312
311
722
1130
311
1410
660
709
722
702
713
808
294
315
316
314
291
310
663
296
693
687
824
822
1130
306
722
722
1137
312
315
898
1435
830
1157
844
708
288
1523
894
298
663
313
311
681
308
303
669
290
305
314
278
1124
287
309
309
284
1122
702
1138
1131
284
310
314
1437
812
315
287
1220
689
1140
814
866
313
845
706
306
295
898
669
1244
294
886
292
312
291
688
293
699
675
308
311
838
680
301
312
1419
1392
313
276
1127
303
278
311
314
673
868
885
1131
829
898
699
1129
683
286
898
282
311
1124
811
806
309
678
292
1134
699
722
299
1429
1437
682
311
312
898
1139
1124
279
1128
312
678
310
656
310
312
703
312
311
1110
722
1412
856
898
270
296
287
708
316
313
311
311
313
311
311
1425
309
676
263
1954
312
704
679
297
1139
697
898
805
677
313
892
282
255
291
278
715
1126
855
1141
682
305
722
282
846
1123
672
664
831
309
1949
311
313
314
315
312
293
722
898
683
302
895
1125
680
301
308
827
720
1520
285
1439
280
314
295
306
311
722
313
310
299
692
1133
682
1124
1139
848
282
720
293
311
700
308
703
262
302
311
312
698
311
312
800
300
270
693
314
314
277
720
267
293
1141
303
289
298
313
302
315
306
313
314
288
1122
287
299
867
304
299
313
700
315
310
852
1140
1125
683
304
865
254
253
306
1116
1129
285
846
898
711
826
313
828
1120
1143
700
313
305
699
1131
830
307
696
304
301
846
1434
280
310
1952
306
311
316
690
722
1127
315
1439
690
722
311
312
1127
282
312
676
1414
303
1428
304
866
1134
720
289
311
311
898
310
891
284
1212
699
305
313
311
311
813
296
309
296
1126
304
313
1120
853
672
837
700
304
314
710
882
302
306
308
720
1130
1137
707
702
668
871
690
309
300
688
722
308
1408
1136
710
820
311
289
292
310
1115
289
286
1116
1127
717
831
703
306
797
661
299
307
663
308
832
688
893
1141
302
295
716
288
278
292
681
671
294
675
795
314
1239
313
314
313
287
311
300
712
310
305
310
722
315
694
304
1432
823
836
1433
302
1415
291
314
311
309
722
1120
680
308
298
297
316
1113
1123
306
307
312
307
311
312
1132
828
313
313
307
854
1127
311
311
310
311
718
1127
849
693
720
299
722
299
305
849
