233
251
874
694
709
680
295
697
276
285
283
291
898
708
821
298
665
1128
684
898
1403
684
1140
665
690
666
296
666
1138
293
672
2470
294
1411
295
669
682
284
298
1138
310
1411
300
297
682
682
680
287
703
673
290
686
309
667
689
305
688
303
289
702
807
661
694
670
685
695
675
1412
295
897
898
292
296
704
672
668
1413
313
1141
689
293
1140
1783
700
696
722
843
302
297
692
708
1126
668
800
701
703
693
668
665
1140
1510
307
289
676
1140
285
703
672
661
705
1133
682
305
689
853
824
299
663
296
280
1140
663
828
722
722
680
298
312
693
828
661
293
295
665
294
313
807
295
293
722
668
305
841
721
294
285
297
709
722
710
294
833
674
696
688
305
298
862
722
707
715
898
834
679
295
704
898
287
722
301
684
702
708
287
689
261
880
306
788
688
682
299
708
898
722
307
1140
861
689
283
686
691
898
700
682
665
722
699
682
672
857
288
722
671
799
706
307
314
693
1140
722
304
842
674
1139
683
675
687
676
679
689
316
722
700
307
1128
834
696
305
292
1138
703
722
1140
304
718
696
696
292
686
698
307
288
694
861
829
1140
305
698
1139
1140
678
869
305
710
302
1229
673
278
288
291
287
307
689
1139
1138
700
673
279
311
817
704
669
1140
706
286
711
301
308
293
691
1140
676
868
718
307
1410
672
681
722
722
665
669
297
292
698
308
279
700
312
813
309
1138
686
689
700
693
808
678
299
306
705
718
1406
814
304
1140
707
1139
296
695
284
693
690
309
671
1139
671
308
304
309
310
702
693
692
685
665
311
681
1139
1514
691
706
1140
690
1139
898
309
314
1409
691
304
710
672
898
303
722
671
310
697
688
841
309
805
1139
1140
722
714
898
722
701
313
691
296
295
1139
898
682
690
297
1435
689
686
1140
897
309
898
309
690
704
693
300
1131
686
1128
693
683
687
691
722
798
676
698
301
709
312
868
861
299
298
683
1410
1138
312
1411
843
854
311
702
898
296
287
684
1662
841
705
700
722
295
292
845
685
693
304
302
680
282
293
722
835
677
307
828
883
705
697
683
697
671
699
1139
297
798
312
677
683
858
693
692
291
677
670
818
273
292
701
722
722
698
722
312
1139
697
695
296
691
1139
310
681
1130
866
698
898
295
705
722
684
830
313
684
705
898
1140
293
311
722
692
1140
702
857
310
683
710
1138
692
302
297
701
1124
699
689
290
693
685
703
303
302
705
313
664
686
1140
1137
688
722
701
312
305
827
700
694
847
700
695
828
1134
691
290
697
662
1132
312
295
315
287
689
292
1139
292
690
701
683
843
308
818
1126
898
293
682
694
680
703
709
307
806
310
310
288
1138
288
1157
298
699
1141
889
1221
801
722
898
704
294
697
676
692
687
693
846
722
840
279
686
839
1419
708
722
688
1446
696
1139
802
681
711
1126
295
690
1438
294
684
295
843
679
705
871
312
1140
704
700
1140
1409
822
699
709
898
839
1139
293
688
833
707
708
722
703
704
708
657
844
300
838
283
298
702
698
707
890
688
667
692
705
1140
710
314
311
1521
295
825
722
668
827
893
685
290
683
304
298
677
315
301
685
711
295
1127
707
295
704
708
706
300
1140
296
310
687
1124
722
708
295
1128
676
1115
310
826
293
294
804
671
700
1127
681
677
709
673
797
303
722
689
1408
302
292
1436
819
822
312
1138
312
707
315
705
293
898
1130
1414
703
1140
707
693
703
1139
304
296
1443
722
315
898
1437
696
295
310
306
817
1137
701
312
823
710
686
722
288
305
704
859
313
868
1436
855
294
702
1437
722
712
865
706
294
898
284
1438
858
722
297
676
309
708
704
1140
688
695
294
722
696
1436
691
898
294
1137
827
1139
1136
1125
287
722
693
827
1437
1140
857
301
898
281
840
713
311
722
855
299
703
674
300
307
302
703
1411
678
1138
708
298
691
311
288
1140
853
706
700
722
722
682
722
1129
1404
308
293
314
1435
695
722
297
853
710
697
689
1437
898
700
696
679
687
709
1137
1437
653
851
898
707
678
313
832
1428
684
708
292
689
800
296
310
310
314
292
666
699
868
1437
310
314
709
690
852
866
698
691
722
1131
294
722
704
294
703
686
722
688
1157
702
307
820
294
315
289
293
706
881
722
678
678
1139
698
314
705
702
882
1417
856
680
709
709
686
703
706
836
682
711
676
677
1410
848
1124
843
707
1154
1139
290
898
826
291
1514
674
692
302
898
310
709
856
891
685
297
657
1410
709
701
850
671
292
801
1128
314
827
898
808
817
312
716
709
292
866
1140
305
1434
689
698
297
697
722
722
303
669
898
656
1127
298
692
1438
303
866
293
709
290
1414
708
307
309
315
722
710
686
898
806
711
291
676
1129
698
712
898
820
1127
898
294
310
669
314
1140
812
691
296
706
1521
303
1139
311
821
682
709
1437
307
693
290
307
700
690
315
1127
293
1138
898
698
688
708
1437
293
703
1127
682
865
311
820
289
306
692
722
308
689
898
864
291
680
696
709
832
1129
289
798
722
1137
705
310
687
296
312
696
294
296
1410
1437
1139
654
306
703
654
825
722
694
708
704
1128
827
299
1115
702
1126
1668
841
296
700
275
676
315
898
665
707
722
668
1125
722
685
692
696
304
705
299
696
307
690
661
682
694
300
296
722
295
1411
693
684
847
312
867
898
816
898
308
867
295
685
891
1122
828
692
692
666
703
661
898
898
1137
695
704
722
297
888
679
687
1127
719
686
815
662
679
898
704
306
682
1131
295
1129
701
677
686
308
823
695
1126
288
703
1124
898
295
677
894
683
859
702
707
691
705
304
1127
722
1128
684
304
665
1438
294
298
308
294
695
1128
722
840
1127
298
1128
691
701
687
816
293
1123
688
722
701
1127
830
703
290
703
291
692
702
1126
690
696
1139
837
696
722
311
682
1438
722
682
304
847
693
697
898
298
1436
666
722
704
688
703
675
706
663
703
1437
704
713
702
807
315
698
295
709
688
722
1131
1440
868
305
1122
684
709
686
294
1128
1128
294
310
695
898
