685
690
898
1659
311
310
311
307
698
299
894
687
300
722
722
898
315
1130
691
698
298
311
312
312
706
312
710
315
681
845
1127
315
312
692
312
898
681
722
312
315
699
311
312
312
311
302
843
1438
818
673
898
1131
700
706
871
315
312
700
722
898
679
696
1131
711
696
858
690
872
699
685
699
312
722
313
315
312
898
722
706
719
850
722
697
1126
898
699
877
699
826
704
314
708
1130
706
688
1131
1122
1129
708
692
692
658
659
311
675
310
679
308
311
305
309
309
297
308
898
298
692
1130
870
289
308
683
313
708
1132
309
866
845
1128
898
1131
1437
1130
307
310
684
311
312
311
309
308
898
311
308
308
309
1128
298
308
1132
685
711
312
647
300
298
311
299
307
645
308
308
299
298
305
898
309
313
312
843
854
1127
1130
313
699
304
898
308
310
300
1131
295
311
301
312
312
299
308
722
311
722
315
311
312
898
898
1126
690
311
299
298
309
299
300
290
722
298
308
303
308
312
1132
299
309
313
706
313
312
299
310
1131
297
315
898
695
1130
300
299
292
315
1126
1128
315
298
830
298
302
303
1130
722
688
301
297
293
687
306
1130
311
683
689
300
1127
722
703
300
823
300
1130
898
312
312
313
706
305
310
1132
301
312
310
313
311
313
300
1107
298
833
1117
295
315
301
679
699
712
311
898
708
710
713
846
677
302
299
718
1410
702
298
308
302
695
846
692
722
298
314
692
679
312
313
314
315
312
1140
312
312
310
313
315
876
315
312
315
698
709
1391
312
312
844
311
898
314
300
298
722
315
886
1135
702
689
898
312
865
683
880
702
841
853
311
315
314
312
312
710
314
688
706
840
1127
1128
315
300
690
852
290
305
1129
691
1131
314
701
312
898
898
898
696
310
703
692
702
314
312
311
673
315
703
696
702
710
311
313
1135
895
308
312
687
1129
312
299
672
308
315
696
312
311
1137
313
315
302
1139
701
1141
697
308
898
309
713
301
686
884
314
310
309
1126
1131
311
1129
702
707
313
312
1131
693
679
313
690
700
692
1127
311
309
721
305
309
898
898
309
309
309
843
311
709
692
690
312
709
704
898
679
683
677
1122
313
853
313
298
309
313
1127
312
698
311
703
312
704
898
898
709
1127
315
308
300
722
297
313
297
722
700
312
722
722
707
1127
313
308
1128
696
315
301
297
697
703
1392
679
314
310
304
297
699
1128
312
311
312
311
699
696
722
898
722
1128
701
705
315
690
712
708
309
309
311
697
705
701
1128
699
298
710
708
697
705
1130
1131
315
710
309
691
1126
309
314
697
308
710
308
714
708
711
1427
697
693
868
705
682
708
687
722
703
693
705
292
1132
685
1117
898
711
296
700
696
309
678
678
708
707
699
1130
1132
305
898
858
692
689
309
40
722
684
704
699
315
1399
694
702
1391
1139
311
1392
844
311
705
309
305
689
870
312
828
858
1125
307
706
898
702
296
1130
678
722
698
686
711
1107
1128
709
1126
687
310
309
709
821
703
710
706
314
898
693
1122
312
300
701
708
1122
313
1508
710
852
689
311
704
697
710
703
1122
682
696
705
706
722
1419
307
722
708
40
307
305
687
701
689
835
315
313
311
312
702
690
1514
703
314
310
678
1113
898
701
708
314
1123
707
310
297
710
298
722
700
1126
898
314
313
312
310
271
1122
314
312
1131
310
845
1122
722
301
303
707
299
307
689
307
706
679
1125
708
706
699
314
309
691
312
898
1130
303
688
898
698
288
706
699
315
1441
709
1131
722
1131
303
298
314
312
1440
1131
315
314
314
312
709
315
699
302
1131
297
312
1130
707
722
312
703
312
685
685
312
898
710
710
722
302
709
708
315
699
308
314
314
703
316
722
301
849
302
312
312
315
312
312
703
313
308
298
699
702
898
717
314
722
312
710
315
1132
702
310
303
310
686
710
694
314
312
312
312
312
312
898
711
722
312
673
898
702
1130
1129
312
1437
722
1124
722
702
312
722
312
314
868
898
716
312
686
312
708
870
310
313
315
312
1437
898
898
706
308
302
312
314
314
1132
1127
859
699
898
314
699
1130
709
704
301
705
312
682
310
311
312
722
310
1124
722
697
688
707
711
722
831
696
314
313
311
705
722
699
1131
823
682
311
1127
898
312
310
310
1131
713
816
691
1130
1126
722
314
678
898
312
703
312
311
722
314
898
708
695
701
314
708
310
703
709
681
313
312
312
311
312
305
312
312
709
310
305
312
710
722
698
700
1131
709
313
311
312
312
312
312
709
697
703
699
684
690
688
1132
314
301
312
299
312
706
312
314
312
312
314
1110
688
310
706
1129
694
315
312
312
705
296
296
297
300
1123
299
700
701
312
708
1418
711
297
312
310
312
312
712
312
898
307
305
307
703
307
898
310
312
312
312
722
310
314
309
313
314
714
710
828
687
315
898
710
712
315
312
711
312
312
312
312
708
690
709
309
310
308
312
709
709
313
313
688
314
708
315
312
312
312
310
309
315
1438
681
682
312
312
312
312
310
310
310
310
712
687
681
685
1132
702
309
314
307
314
312
312
714
707
313
708
705
1130
713
310
312
312
722
312
690
311
312
312
312
312
312
310
1123
707
308
849
712
315
709
1125
708
703
702
700
312
312
701
311
705
303
703
713
696
709
706
703
703
314
312
313
714
709
313
698
706
305
714
310
293
308
679
722
710
690
702
313
1438
307
709
305
712
898
705
315
313
308
312
312
312
312
312
701
288
710
709
313
722
713
1128
296
701
684
898
1131
309
704
701
697
308
686
312
1128
722
1128
314
287
314
1128
294
294
313
312
696
694
707
691
303
701
1128
702
306
1130
706
700
312
302
312
314
722
702
898
722
311
704
821
312
722
313
697
315
312
709
695
311
312
313
312
722
312
312
312
312
311
312
316
308
312
310
312
687
1128
881
701
855
709
696
306
297
312
309
302
311
1126
697
693
697
687
310
310
1128
308
311
310
311
710
315
684
1433
315
307
311
898
310
708
305
305
312
314
312
689
315
314
312
315
314
722
308
310
310
722
313
1129
1117
309
307
307
1128
299
701
700
1125
697
709
702
677
312
851
313
709
683
306
708
703
310
700
306
312
315
697
722
312
312
311
312
305
691
1131
821
704
690
708
1132
309
694
827
1128
313
313
313
705
315
315
821
312
712
1436
312
308
310
312
714
1128
311
714
898
298
692
307
307
297
299
299
312
703
700
1130
722
898
898
898
722
1436
689
699
678
1130
710
1125
1129
706
709
712
698
313
702
312
704
695
710
313
311
710
689
706
1107
706
703
1129
693
682
312
722
722
687
1132
1436
312
705
696
678
311
696
703
310
1104
694
684
1437
1105
309
307
297
311
679
704
306
697
711
705
698
291
722
699
290
314
312
306
708
300
312
679
315
898
313
722
706
703
697
311
675
301
310
302
298
700
681
1129
684
1104
1131
1118
709
1127
680
300
1107
1132
1098
827
702
705
686
702
829
711
861
709
722
722
697
898
312
1115
703
700
705
695
298
1131
722
1437
697
704
898
722
713
694
710
1437
711
722
708
1126
295
703
1153
693
312
1130
312
312
697
825
705
1524
682
700
722
1127
1139
1131
694
1130
310
1122
312
722
708
305
898
710
1131
701
692
306
722
694
299
297
706
1126
1140
709
1130
1130
696
313
704
310
312
312
312
710
706
315
1131
686
1129
711
306
703
697
1433
1131
312
1130
697
722
1436
1132
1130
680
708
698
722
311
697
314
691
682
312
678
703
863
1131
703
1130
708
700
705
699
1130
708
711
306
302
708
697
898
700
682
700
699
870
1129
702
898
700
313
722
898
678
684
701
697
700
305
1131
314
1128
312
702
679
687
898
713
1132
845
711
720
705
696
1127
699
1131
308
705
710
706
298
312
1131
1130
299
701
1437
313
307
314
1130
1131
1131
1132
671
308
315
696
1130
859
692
707
707
712
313
824
698
701
684
704
692
722
898
288
312
1125
307
722
701
708
705
898
691
849
266
306
898
706
706
694
310
819
685
1132
312
707
682
308
312
311
313
312
692
315
706
697
1127
303
708
679
696
699
1131
310
709
898
696
709
309
689
709
710
1131
685
306
1130
1132
315
695
1132
851
1130
722
709
297
266
819
709
312
722
1129
312
698
312
312
312
312
312
1132
698
704
1130
898
701
1130
1436
312
722
702
710
1128
314
697
722
685
707
879
898
311
708
1127
314
313
685
898
313
1130
312
1137
710
1127
857
1141
708
297
699
679
826
702
314
1122
312
1132
697
691
1126
695
312
704
698
1132
710
701
824
1139
1127
722
312
706
315
691
1437
708
1128
695
722
698
707
898
898
867
894
306
722
1129
1131
685
295
1131
311
315
898
714
312
722
689
298
1139
312
796
1140
707
1129
1126
709
701
300
708
313
693
308
708
311
314
692
1126
211
309
309
714
694
305
306
312
703
312
315
311
693
851
1130
312
703
707
722
686
305
1131
722
708
700
694
1135
700
818
722
893
679
691
693
722
709
898
883
710
1126
313
722
702
304
898
709
301
722
1131
706
679
693
704
703
829
828
1436
701
712
704
688
307
311
309
704
311
699
687
708
679
703
709
722
703
705
710
1131
691
703
683
680
821
707
1127
722
1132
1130
1131
706
1129
1113
703
695
685
1129
1132
1131
722
847
695
1155
1434
300
1129
1132
314
713
1130
699
306
1437
1130
312
312
314
822
705
298
712
688
697
695
305
688
1133
684
709
1672
708
1132
1127
898
898
715
1127
898
310
1129
684
1131
712
688
709
1437
898
1131
307
872
1131
703
692
704
1131
1132
1438
680
1129
312
702
1122
722
898
695
702
1128
312
314
828
1130
313
714
307
1128
679
1126
698
1437
872
1126
673
1132
688
820
1438
712
697
1437
1132
678
1126
1131
691
898
309
695
829
715
1424
871
708
682
711
694
713
698
1128
699
699
307
1416
702
1133
298
682
863
684
711
1438
707
1127
707
898
678
711
312
695
693
314
313
710
306
703
306
312
312
1129
305
722
292
868
1131
713
1127
709
307
679
692
694
710
307
685
1127
706
689
678
1128
700
700
701
1129
688
1437
1130
898
696
308
679
713
312
1130
1128
685
1117
311
1132
898
1129
722
1131
682
1130
1437
705
680
708
1437
693
1130
699
709
703
710
708
1131
703
1132
693
684
1128
702
694
722
898
898
1436
712
682
697
722
700
306
1131
859
681
698
314
689
692
1135
310
1156
698
1129
1675
722
696
898
865
1426
898
1132
690
694
1129
708
296
853
681
299
306
306
708
312
314
1434
687
698
1126
711
1118
708
1130
1155
314
1130
691
1126
1215
706
689
678
310
1133
687
306
710
688
823
1130
687
306
693
312
826
678
312
1436
1131
1129
1128
678
1674
1130
722
312
1131
1438
1437
699
1437
675
1437
821
1434
680
1126
1132
1132
1130
1436
1131
722
687
687
1438
705
710
710
706
303
305
694
1131
688
708
686
1129
898
1440
688
1131
684
722
696
700
681
1130
1130
707
685
1127
698
690
700
709
1133
1129
313
696
699
1438
1436
302
898
1131
1129
722
1413
312
1131
898
722
709
1128
695
693
1130
1437
796
1437
693
1122
1140
303
305
722
722
303
722
704
1129
1438
1130
1129
1129
303
694
1130
302
898
1131
829
671
1130
299
722
1130
694
702
1131
312
1126
678
708
1130
694
1132
1123
1125
690
313
700
1128
306
695
710
1137
303
299
706
1133
713
682
1436
1131
714
701
691
681
707
700
692
847
307
701
1436
312
707
1132
898
1436
709
1131
691
898
686
888
638
314
702
694
1128
898
1129
704
722
722
683
684
898
695
707
302
722
308
307
1127
689
302
304
305
1132
307
1126
693
1128
1438
1129
314
1437
702
311
706
678
853
1131
709
709
898
703
714
898
898
697
709
697
308
898
303
1127
722
702
704
698
682
701
680
709
302
1124
301
833
249
1131
249
270
1130
898
1129
305
702
711
690
1438
307
299
707
696
306
709
898
707
722
699
302
697
313
306
305
299
704
1437
303
303
304
1438
303
710
1436
683
684
1437
722
704
707
898
831
722
699
1436
703
898
691
702
709
898
299
1153
722
685
679
299
299
722
856
1438
822
312
712
688
1437
688
1437
707
1129
681
683
710
708
314
840
681
713
894
295
299
299
711
708
299
299
298
1436
702
306
684
707
681
1123
701
703
682
696
898
306
305
306
305
898
685
303
299
303
1129
691
679
1122
306
306
698
681
1438
299
312
678
299
708
711
300
1138
709
299
299
299
680
304
299
1130
1131
305
722
692
297
698
707
711
299
301
299
306
302
306
302
706
303
306
1126
1129
704
1436
692
704
702
298
1129
299
898
701
1129
701
704
312
708
722
679
1130
1437
706
684
898
710
712
701
1129
690
1131
1438
1436
1123
704
864
898
711
698
299
687
691
300
297
299
299
299
299
709
313
297
297
695
683
704
697
820
709
898
1130
691
1438
305
299
299
312
1436
707
1437
703
1437
1122
710
693
1130
1138
898
710
898
709
1129
1132
898
299
708
722
704
722
1122
705
698
706
710
696
1128
687
681
898
313
303
1128
700
1132
306
866
694
698
1132
680
707
697
1132
712
1126
685
722
704
722
679
681
685
713
704
1436
312
691
702
688
1119
703
1128
696
305
703
722
1131
708
1129
1129
297
1128
1122
701
1122
313
1127
1424
312
694
694
312
312
312
856
1127
301
312
315
703
314
710
898
823
312
1128
312
311
300
1436
1130
679
698
680
698
307
692
1130
690
1128
1132
700
682
1131
300
1436
722
315
312
1129
697
694
689
711
722
830
683
705
1436
898
708
691
709
312
1437
697
691
708
312
1438
1437
685
708
312
898
1436
699
306
1222
1141
289
304
314
310
1138
1141
1140
1437
1139
1437
1436
898
679
300
690
314
1124
706
314
898
1145
851
1126
713
1123
833
704
821
697
683
706
1129
698
697
1430
1126
712
722
710
858
1436
305
1129
305
1437
708
314
706
315
701
692
677
305
1437
898
702
708
898
1129
696
679
1153
703
703
314
678
306
689
1130
688
703
703
872
680
701
677
1141
691
701
700
692
714
1442
722
722
705
685
1131
858
312
301
301
705
722
314
710
1127
890
1130
1244
1127
704
709
681
712
708
304
313
300
304
315
709
314
313
1134
722
703
692
707
679
692
862
685
314
303
688
1387
709
709
708
710
898
682
1128
898
705
683
312
898
680
687
898
702
313
898
820
301
707
314
1127
898
687
1127
722
684
680
702
722
700
312
315
681
898
698
682
1130
681
315
312
315
898
315
722
1425
313
701
1126
1129
1127
708
712
1131
678
1246
1247
679
674
704
701
691
710
898
708
685
299
303
709
1438
679
310
305
701
679
709
686
701
700
1238
705
1131
700
679
1158
677
722
722
1128
1133
898
302
722
1128
680
1129
1524
1129
1153
685
1436
681
708
696
679
898
696
678
681
315
1129
312
1130
298
807
675
1122
702
709
1437
704
685
679
1130
1122
710
1437
898
1129
1542
1516
678
1125
311
1418
1132
1440
793
898
1127
1131
1129
712
684
898
715
697
1126
1527
682
844
1436
1128
722
678
1245
314
1130
677
689
722
315
694
1129
1129
682
678
314
1131
686
1130
898
685
898
314
679
678
722
306
1123
706
685
722
315
686
1127
705
1440
315
1129
711
830
696
678
1124
1130
701
711
1131
680
898
677
678
312
1130
678
680
303
1442
677
1129
680
690
677
679
677
314
678
679
1128
679
897
311
671
676
1434
1411
682
680
1428
1667
711
898
679
722
1129
315
312
303
1129
1436
1438
677
722
677
677
722
855
299
1438
898
1129
311
1129
675
678
678
678
827
687
680
1132
1131
1129
898
683
685
1116
680
1129
678
712
898
683
302
312
1130
678
678
1128
695
683
702
675
678
311
697
1245
898
675
678
678
1522
678
677
1525
1127
676
1128
691
898
1122
722
680
850
829
1130
676
704
1139
675
1148
1132
683
679
1132
1434
300
678
707
722
701
865
722
697
304
825
687
305
679
722
685
677
677
312
315
312
683
1438
299
1132
682
896
680
703
1129
678
678
678
722
1416
680
678
1129
312
315
678
1154
1122
682
675
685
722
722
1126
722
898
898
1130
680
678
1130
898
898
315
678
679
1130
314
313
311
680
684
1131
822
678
679
311
1128
1410
679
678
722
898
1129
680
1131
722
680
680
898
678
707
1127
675
678
678
678
677
678
1437
715
679
823
678
1130
677
678
675
678
678
1127
706
843
1128
1132
678
839
683
680
682
299
680
679
875
1438
1438
699
679
678
694
667
712
705
678
897
678
1439
898
675
678
679
898
722
679
1438
722
898
686
722
1211
1126
683
1428
1517
696
898
686
675
706
678
660
898
1122
678
677
682
315
1128
675
315
706
696
678
1133
315
302
1123
1127
1438
688
679
315
687
315
680
304
312
681
312
312
315
684
312
1126
678
678
678
678
898
700
675
698
678
680
685
675
312
678
675
314
1132
312
300
698
1132
832
1669
1526
315
687
312
315
312
1527
898
299
680
315
311
1132
312
312
694
675
312
315
678
1129
698
311
312
312
312
1416
312
678
1125
898
312
666
705
678
314
686
675
1128
1129
708
684
700
315
898
1235
680
685
676
898
709
678
1401
722
301
680
678
298
677
312
668
679
675
1093
1439
1422
1127
1123
680
664
1244
1139
675
898
1122
710
310
312
683
685
1125
698
1130
1437
666
1436
314
675
1419
678
315
691
698
1123
1127
689
1437
663
1522
680
697
722
708
1114
315
706
1129
312
310
312
663
1132
1130
1437
1436
678
898
677
312
898
677
315
312
722
1675
1124
709
696
313
1130
679
722
697
693
882
300
689
676
680
307
300
1677
312
312
678
1673
312
678
1438
722
679
696
683
722
701
1436
1435
722
1133
678
1129
315
697
1437
722
722
686
690
679
1410
315
312
1126
315
314
1122
688
668
675
709
675
1524
1126
683
722
315
314
312
312
312
312
722
679
314
312
312
315
1429
682
1129
668
722
679
677
315
857
680
307
312
678
722
1420
1427
677
679
680
315
661
1129
711
1131
675
898
314
312
312
698
678
853
312
312
314
312
898
312
679
312
312
312
312
313
312
1129
315
678
1438
1437
675
678
722
854
312
312
312
722
311
688
677
315
312
312
312
312
312
312
311
312
312
311
1674
315
312
1128
680
1438
679
680
675
898
677
678
678
722
1523
315
314
1130
312
844
315
1524
685
1415
698
314
1515
663
1130
298
688
312
312
312
667
312
681
312
1129
678
680
683
1126
679
1436
1427
315
695
870
701
1128
1524
711
678
300
314
312
688
1131
313
312
312
312
312
673
1130
898
680
308
307
678
312
312
678
312
312
312
314
680
678
675
1117
675
824
301
309
312
312
309
1527
1109
679
1520
680
676
694
707
315
690
675
676
1110
698
675
682
1669
675
898
1124
1123
722
315
1127
853
1526
679
677
678
712
698
1436
706
680
315
1130
1522
680
1246
1130
678
679
827
680
1510
310
1516
679
1127
1129
1438
1431
310
678
315
298
1120
312
312
312
679
315
313
315
310
1126
311
313
309
315
848
680
312
306
1434
1124
680
1124
1437
682
310
315
1436
689
1524
675
1529
312
309
1526
1521
1130
1129
309
680
675
1526
710
1143
312
680
312
1437
1140
678
1131
677
1435
313
312
685
683
687
679
1438
1527
707
1130
1437
711
313
678
898
1130
1129
692
898
678
312
1436
1239
686
312
1122
310
681
1125
1438
1129
315
313
898
1131
1129
1412
679
709
682
675
315
1113
679
313
1122
1438
708
1524
679
1523
1437
675
312
311
309
678
856
1130
722
1430
311
676
1124
315
722
867
309
309
677
1129
1130
1674
1437
675
1521
315
1129
314
1129
309
1131
312
1122
300
898
688
679
688
678
312
312
312
309
680
1095
680
314
308
1429
1091
1128
679
311
1107
674
682
314
312
676
1437
313
677
706
682
314
712
711
693
680
315
1109
694
1107
713
312
270
675
722
1523
722
1437
311
310
1436
676
1134
678
1410
684
1437
708
1130
848
1527
678
835
708
1436
689
1126
1131
898
696
681
722
722
722
685
680
308
1129
680
1436
309
1522
682
703
311
1436
1130
1438
855
1437
1527
310
312
678
314
677
312
722
677
840
1123
1438
1128
684
1436
683
706
1129
679
692
1130
898
1437
715
1139
680
1525
1140
1436
308
682
311
678
1523
690
722
1438
1438
678
678
310
680
679
1431
678
680
1129
677
677
1437
680
675
868
1130
1436
675
1438
865
677
1132
1130
675
1527
1516
679
846
1672
680
831
1129
683
1131
712
679
683
676
1436
872
1130
684
678
1677
682
678
678
898
1132
1436
1122
312
1125
678
678
678
679
1437
1129
1437
1131
1439
680
1118
314
312
1155
685
675
1428
1125
681
314
1123
675
683
722
1130
1129
680
706
1128
898
1128
681
1126
314
1129
1130
1128
1130
722
722
1138
1129
1131
898
314
1436
694
1132
685
1130
680
1133
1130
684
1437
1129
675
722
688
675
303
1131
1130
1131
898
1130
689
898
857
898
1674
872
710
898
898
1433
692
1437
1519
1126
315
1429
680
809
314
681
709
1132
1130
685
1130
691
1137
1219
680
722
1138
1166
1130
823
700
1130
1128
680
675
1129
1132
1129
314
689
687
898
1108
1128
1129
1127
1129
297
1129
1795
683
1799
309
1799
680
1130
675
1437
675
678
683
679
1436
685
706
1103
683
1127
1436
1437
298
707
1421
1126
1126
1436
1514
675
1136
1131
301
898
709
678
688
1952
703
678
1130
1785
1437
1131
1132
309
675
1130
1139
1427
1132
300
297
1130
680
1129
1438
309
1130
685
680
309
301
1129
1127
1138
315
1668
314
1527
1128
1131
680
308
681
292
898
675
679
1544
295
898
1524
1129
699
675
681
1139
678
675
1130
1245
822
819
1129
1131
675
898
679
678
1126
1128
898
680
1130
1526
680
698
898
677
675
1130
1122
695
1122
1129
1128
314
689
315
677
865
866
1130
683
1242
1677
1131
686
831
680
1129
850
1438
1131
1523
677
1520
1436
1437
1133
862
1437
1128
1124
858
675
682
680
1671
898
675
1131
712
678
1671
675
1436
1129
680
299
1436
1129
898
697
312
314
838
853
681
841
722
898
1122
898
1244
831
680
714
1130
1132
678
1138
680
1129
679
679
1130
1438
898
1131
679
1108
1127
314
680
1130
1131
687
700
691
1128
711
678
680
675
694
1129
898
295
1129
682
675
1130
1132
898
676
691
678
1130
704
1128
1242
898
686
1525
1130
1130
682
1679
708
694
680
308
710
686
1129
1437
703
711
691
1126
722
675
898
1131
1436
681
1419
834
680
709
683
1111
705
1674
898
675
1129
1418
722
898
1131
847
678
679
865
679
709
898
1438
679
1125
1413
898
1437
1789
1242
1788
1672
677
1132
686
684
1676
675
306
700
1130
680
690
1129
675
1131
722
898
898
679
898
680
675
844
898
898
313
1125
1131
1436
679
898
1140
817
1129
821
1519
1130
1128
682
682
898
680
679
1129
898
681
677
1136
314
1132
861
1438
678
1800
679
685
675
1242
1130
898
1122
681
1126
1438
700
898
1128
1129
680
1439
313
898
1437
898
680
694
314
713
693
677
1128
1438
1129
314
1129
1130
898
1666
1437
679
314
898
898
1131
867
1135
689
677
299
898
1436
1129
678
1525
679
310
294
1129
1410
1129
897
314
677
1130
312
683
1437
1438
1129
859
1410
1130
1126
688
680
683
1132
1129
1131
1133
694
1130
1130
898
843
680
679
685
314
1130
898
1437
707
680
1432
1243
1131
1131
898
299
312
685
708
1130
898
863
679
1676
1127
312
684
313
681
1437
680
1130
675
1130
312
1128
314
681
1136
1129
217
1131
1130
1441
1130
678
678
678
898
1129
829
313
680
1130
815
1129
679
844
1129
1130
1129
827
678
1130
1132
1129
677
684
679
809
1131
897
1129
1130
1127
1130
1127
898
1130
1119
688
680
1129
1133
311
681
1130
302
1124
898
675
313
1131
722
681
680
862
677
314
703
1131
1126
676
1131
1129
898
709
1130
1130
693
687
711
683
681
1128
1128
680
680
681
1129
688
1438
898
820
1127
1132
1129
1130
1128
834
681
1129
1132
677
1129
1438
1132
709
688
680
1523
1130
1527
682
1523
1130
1129
898
827
1130
1130
1436
1410
1128
1130
1437
722
701
1131
1131
1129
701
722
684
1129
1133
1128
1129
315
1129
681
1437
1153
1128
678
680
1129
1131
678
675
1438
680
1130
1126
1437
898
1114
1130
1127
1130
1128
314
1676
676
681
680
675
1128
680
1128
722
675
1129
679
675
703
1438
681
678
1432
314
675
1131
693
1130
314
677
1130
676
1437
898
1129
898
687
675
688
312
1436
679
898
675
680
675
680
312
677
706
1129
1130
1129
833
677
300
685
1130
681
898
1128
898
1128
722
679
1130
1664
720
1668
314
898
709
1131
682
675
678
675
898
898
1131
678
1136
676
680
898
1133
703
679
682
677
722
680
1793
712
1438
1140
685
898
1129
1127
693
1234
680
1128
678
846
679
1437
1436
1129
1129
1436
898
898
680
1129
1437
722
1130
1130
1131
688
1129
679
311
681
1130
1786
1129
1436
678
696
681
688
314
1129
858
1129
680
1436
710
1129
691
1417
1131
1438
676
677
1131
687
898
898
722
675
307
1129
1130
1129
1130
678
663
677
676
680
1437
678
676
1129
686
1129
690
898
1127
708
681
707
685
684
684
675
677
676
1437
1129
677
1128
1124
679
1131
898
898
710
898
1122
898
1119
1438
1122
898
898
1436
1132
898
1128
1127
1408
1129
685
676
1437
898
1436
722
677
315
1129
683
1121
1110
1129
1129
1129
678
722
678
686
299
677
1410
1427
1438
1125
703
684
1130
680
1130
898
682
681
683
1437
684
1128
1802
678
1128
1436
1128
1438
677
683
680
679
1127
722
898
898
1120
678
1132
680
682
898
677
675
685
675
1129
1437
898
675
898
680
688
679
1436
678
1116
898
675
898
1128
1424
846
679
1419
1790
677
685
680
1128
1246
682
681
679
847
1418
1245
1132
678
687
1127
661
1437
1131
1138
682
1118
677
896
1128
680
1130
1132
848
843
722
680
1438
1130
722
896
821
1233
679
1130
898
693
898
315
684
686
1130
1243
681
680
685
680
679
688
1438
1437
1437
677
308
689
682
681
898
1438
1129
898
680
1131
1130
1132
707
1437
684
898
1436
686
1127
1414
898
685
678
1129
1129
1436
1238
681
1129
898
1128
681
1131
1437
1116
702
1129
1435
1130
315
681
677
1155
1125
898
1129
1127
1130
898
1439
898
673
680
1131
1139
1129
679
302
1438
314
675
898
680
689
1437
1439
1437
680
314
679
679
314
692
1436
722
1152
315
696
695
682
1131
1132
1437
1438
1130
1131
679
839
1120
703
1130
1129
1127
675
1131
1129
1158
857
1129
1129
694
898
722
681
1129
898
311
677
680
683
679
1130
313
1130
823
684
1438
683
680
675
1130
675
1130
1129
1128
1131
1129
314
679
1127
679
1129
1129
680
1129
694
834
687
702
679
681
1131
1128
1127
1138
684
1130
678
1126
1130
1438
678
709
706
1518
1131
695
685
1130
1524
1125
680
679
691
1130
1128
678
677
680
1131
665
1437
1126
1129
1133
1424
689
690
680
700
1129
1628
1131
699
826
700
299
1129
685
1244
692
1129
676
682
1131
680
681
898
679
688
686
315
1437
1116
1136
679
680
898
315
1127
1128
898
311
898
315
898
680
693
898
701
675
898
1791
705
1129
679
1130
711
312
682
1129
683
898
679
1119
675
679
1513
1128
685
682
1131
1244
1438
898
1432
1129
1131
685
1129
1129
312
1131
1130
1129
704
1130
676
722
713
696
699
1129
1129
898
898
722
704
1131
695
1129
680
898
898
679
1126
679
682
681
691
868
679
1131
1130
1131
680
679
898
682
312
898
821
1157
1154
722
703
1127
703
898
701
1128
1123
315
1129
1416
706
1245
696
1130
693
1126
690
722
1128
1131
1435
665
680
708
1737
1436
898
1129
294
712
1158
697
722
680
695
683
695
680
1442
679
680
1130
1130
1139
1122
1437
1129
691
1131
1129
693
1154
1158
679
1418
1438
1438
1437
898
683
681
679
704
685
1438
1415
1130
1127
1139
1138
677
689
1131
682
679
685
1130
708
852
681
1127
1129
898
1132
681
1438
1622
705
1129
693
1154
1444
1438
722
1128
680
1152
722
681
1129
1441
824
1130
678
1128
722
312
314
898
1436
1130
682
1235
1132
1132
1126
1129
1128
1132
676
1138
1138
1130
1130
1131
1438
1127
1130
898
1122
857
1414
1244
679
898
898
1128
1243
1128
1436
683
1130
1127
829
2065
1436
1127
315
1130
1131
1521
1126
1139
1139
1129
1195
1438
708
679
722
1137
681
696
703
702
697
1131
684
680
898
1131
722
1127
1130
1130
696
1131
1139
1128
1129
1130
680
1130
1417
1140
1129
1436
1436
683
898
1130
312
709
681
1438
685
1140
1131
1131
681
683
821
682
1128
1129
1130
1116
678
681
1123
693
1126
1438
898
707
1438
898
314
704
682
1140
1433
1436
1140
1128
898
679
1436
1130
690
1140
1135
693
1438
685
1436
676
1128
1130
863
722
1129
1130
1132
699
680
314
694
1130
1132
679
1132
676
1130
704
691
885
1131
1129
1417
1511
1134
1130
864
1122
677
675
1438
683
686
1125
1436
1125
820
708
700
1122
680
1129
898
895
1130
701
1130
682
898
678
1131
682
1126
1130
711
680
898
1156
898
700
706
825
1789
1140
847
694
1127
1434
682
679
1438
679
898
1133
898
314
1437
1127
311
1132
1132
1234
679
1523
898
1126
1438
1140
1437
898
1126
1440
1130
1127
1128
677
1245
1437
1128
898
685
1127
1417
1437
1129
898
1131
686
679
681
1437
1130
1130
1414
705
1129
677
898
678
1129
683
1445
675
1137
704
1127
681
315
704
1126
682
678
681
898
1139
679
315
898
312
299
1127
1126
1438
1436
898
898
691
677
1524
1123
709
1130
1437
898
1245
1125
680
677
677
675
300
706
1131
683
306
1438
722
1127
306
314
312
688
1237
1130
682
312
312
898
1436
1435
678
677
680
678
1437
1130
1240
681
1436
679
890
1436
678
898
722
678
1444
684
314
1436
1438
1512
678
674
679
1234
685
1129
1438
1118
1244
314
312
1131
678
1433
1242
1127
1138
1437
819
681
715
1437
714
687
1438
704
1437
678
1429
1441
300
679
677
679
1215
682
679
679
684
1438
1416
1416
1419
1138
700
1419
685
1417
1130
1416
692
1416
1129
681
1417
678
710
681
1418
1129
314
681
683
1425
312
1416
1436
1436
1415
1438
842
702
676
1139
1440
680
1419
678
1437
1414
898
1244
685
1437
685
701
684
1138
315
1665
710
1120
306
1138
1417
859
677
1781
677
1130
721
1436
311
677
722
681
1421
692
1444
311
898
677
1417
1134
1434
312
722
1781
1783
311
1138
680
675
1799
898
1130
677
853
677
300
678
1415
690
1437
1526
2481
675
677
680
675
303
680
1418
898
1417
1441
706
1958
1416
703
306
1414
1131
898
302
1788
1129
702
1154
1527
1416
1438
1437
712
709
708
1437
680
695
688
865
1438
708
708
675
2472
1788
314
678
1520
1794
1438
691
680
710
706
679
1438
678
678
1438
681
681
1413
680
1138
676
1156
692
1437
1438
1789
681
315
1652
694
1437
698
677
675
1414
1138
1666
705
677
1414
1393
680
688
1158
1524
1672
1514
2206
675
1417
1418
1791
1790
1414
1790
1414
1418
678
708
816
672
850
898
688
695
690
313
1131
1435
311
1131
1238
701
1132
683
312
313
1241
713
682
693
300
1133
1126
823
684
1961
1134
1677
681
1116
691
693
300
1403
680
1436
1958
898
679
680
896
675
684
1438
310
680
673
1391
676
1523
692
1519
681
1424
1523
722
684
679
1434
678
1403
898
680
1130
676
680
1129
1426
1520
1130
678
1129
314
1436
675
676
679
675
691
675
682
675
675
898
680
670
680
1494
1525
1244
1125
678
680
1418
675
1436
1416
1436
1418
1245
1438
1418
675
1522
1129
1129
679
1141
1433
1432
314
1239
314
1413
1420
1440
1437
1436
679
1239
1436
898
1522
680
1420
1130
875
675
1413
673
2023
1782
1131
898
680
315
1507
677
679
1438
1517
898
313
1241
311
1129
677
1158
1130
680
675
1105
676
680
678
898
314
678
1418
678
312
722
314
1131
1436
676
1417
303
1438
692
1246
1243
1437
678
1524
1785
1526
1245
1244
686
1519
677
1521
679
1522
692
1239
1130
1518
856
1524
1129
312
1951
1129
1129
680
1131
692
1113
1118
675
1434
676
677
695
1238
679
1245
1438
1525
1439
313
1437
897
722
675
1524
690
898
677
1445
694
1436
1779
898
1130
1129
1676
1415
1434
722
675
680
722
1437
679
722
693
722
1215
696
676
1438
1676
697
1418
1129
692
1129
1446
1130
1131
1131
675
898
1523
722
1440
1417
1421
1790
674
898
1438
1521
1133
1131
898
1415
677
898
1437
680
1131
1446
1437
722
675
679
1436
1431
678
1138
1429
680
676
1410
681
677
1420
1132
677
1416
1426
1511
295
1421
1442
1587
1436
678
1436
1440
675
1417
1416
680
1518
1131
1651
1523
784
675
675
312
1446
1437
1801
313
1129
1132
679
1417
1130
1526
2465
1671
1119
680
677
683
680
1426
1444
680
680
1129
1418
1437
1523
1506
679
722
722
1419
1131
1437
1414
1436
1130
1436
1524
315
1442
677
1415
675
1401
677
1129
682
1427
1790
1438
1128
1430
1437
1438
1416
722
722
691
677
1418
722
700
683
687
1415
1420
677
675
1446
677
1417
675
1438
1416
682
1131
680
1420
1414
1416
1437
1436
1418
878
898
1438
698
722
675
1129
1419
722
675
1416
1129
1437
2043
1436
1129
678
1434
1129
677
1420
1438
1414
1417
1677
1415
1446
1784
1415
1444
679
680
1426
1437
898
1129
722
680
2462
1412
677
675
1436
898
722
1437
1436
1446
1414
898
683
1441
1129
681
1440
1126
1523
680
1436
1433
898
1527
1776
1437
677
1522
1428
676
1428
1519
1417
1409
1429
1434
1419
722
1427
1442
1436
678
1437
680
1437
898
898
1521
1419
673
678
1414
1419
1670
1156
820
1442
675
1418
678
1438
722
1436
1420
898
677
678
1445
684
722
898
1418
1523
1675
1432
1525
1437
1414
1438
1524
898
1526
898
1430
1410
1416
679
680
672
898
1524
1437
1434
1438
1436
1438
1429
1786
1443
678
722
1416
1418
1418
684
1414
678
1526
1437
1410
1156
1412
679
1124
1410
684
676
679
1414
1798
1445
898
1523
1440
1437
679
1445
1136
677
1525
722
898
1132
1523
1436
1410
1416
1994
1523
1525
677
1438
676
679
1526
676
679
1786
1410
1518
1951
1436
680
1129
898
679
676
1416
679
1421
1787
678
898
1418
1437
1667
1506
685
679
1416
1436
1436
1418
679
1673
1517
680
1419
898
1523
709
1525
1419
675
1416
672
313
1418
1419
1437
1410
1130
1675
1520
1411
1525
1437
898
1513
722
2472
1418
697
1790
1418
1524
1521
1523
1420
898
1444
1437
675
1127
722
1438
1436
1410
1434
1526
1413
1420
314
683
722
1438
688
722
676
1416
676
702
1793
312
1679
1438
675
2020
898
674
1510
1130
1437
1418
678
678
898
1436
1416
680
1421
1414
1437
722
1414
722
1418
1519
1438
1431
679
877
1437
722
898
312
722
1523
1437
1525
722
722
1414
722
722
722
722
722
310
1523
1432
1519
722
2753
1785
1436
698
1417
1438
1435
1425
1436
683
1521
1524
722
722
1418
1430
1436
722
898
722
722
1427
898
898
722
722
2469
675
722
722
1128
683
722
722
676
1404
1527
685
1660
1124
1138
1523
1516
680
722
898
1525
1522
1658
678
1438
1127
722
1416
1414
1411
1412
1436
1418
1131
1434
681
1433
1437
676
1416
1439
1781
690
673
1521
722
722
722
722
1668
1790
898
722
1419
722
1526
1770
678
680
722
722
1440
1428
1436
722
722
1412
722
722
722
722
722
1414
722
722
676
722
1437
898
1445
1417
1152
1437
1437
2466
675
677
722
722
674
1417
1436
898
675
673
2472
674
722
1515
1438
1521
1419
1800
1666
2469
1525
1525
1130
1792
1523
1418
722
722
722
1416
681
1234
2472
1414
1524
722
1787
680
692
681
1417
1129
722
1516
1956
1785
1512
722
1417
1529
1416
898
680
1438
720
1520
722
1790
1411
1437
1428
1429
1524
1424
677
722
722
1417
1416
1430
1417
1517
722
722
677
677
722
1949
2015
1523
722
1436
1424
1438
1425
722
1444
2021
1524
1416
1414
673
1414
675
1516
1130
722
675
678
722
1527
682
1130
1523
1414
1794
1446
300
1417
1524
1416
722
1522
1410
1431
1425
722
1417
898
1124
693
722
722
722
676
721
722
722
315
673
1795
722
699
678
1416
677
677
1127
1514
1440
722
311
898
1520
1432
1438
1520
1524
1419
1791
1416
677
722
673
722
1524
1417
722
675
1436
1416
680
682
1415
1433
1512
1436
1434
1418
722
680
1124
707
1425
1415
1152
677
1432
677
722
2006
1515
1436
1800
1780
722
722
702
1414
312
312
312
1417
312
722
680
312
312
722
1418
1416
1524
1512
1131
315
1513
1435
722
1523
1139
722
673
1524
675
1420
2005
898
677
898
722
1439
722
722
1415
1417
2040
1796
1433
1433
722
1436
1131
1417
1772
314
1427
722
1427
1428
722
1781
673
2013
1801
1794
2014
1444
1673
1437
722
677
722
898
680
722
298
1528
1424
2468
688
1791
2759
1656
1410
1404
1514
1410
1781
1791
1429
2434
722
1130
722
1129
898
1410
1439
1418
1414
1438
722
722
1792
1420
1437
722
1948
898
1413
1418
1129
1418
1508
722
722
898
1413
898
1418
1155
675
722
304
312
1786
1438
1416
720
722
1438
673
798
2462
898
1155
722
1504
301
662
1787
722
1416
722
1423
898
722
692
1437
722
722
1525
677
1522
1132
1415
1506
722
722
722
722
1158
722
722
677
1432
1417
1417
695
1416
722
1129
677
1419
1522
1416
1517
722
1791
1527
1440
676
718
1434
722
1433
1434
679
682
1420
1523
1430
1790
1524
898
1529
1525
1418
1518
698
1116
1423
1409
722
1437
1412
1437
1419
898
1960
1440
721
1436
1417
1439
1779
722
1958
898
722
722
675
678
1411
722
1410
1438
722
704
830
1519
1525
722
1441
722
898
722
1429
1502
300
1438
1438
1788
827
1416
1525
1130
1543
722
677
1517
1434
1428
1519
680
722
722
707
1524
722
722
1410
722
1424
680
1416
722
722
1411
1437
1521
1123
1428
722
722
722
720
722
1522
677
1437
675
722
679
722
898
1525
1419
722
1418
1419
1410
1129
1410
1438
677
1127
1783
1798
1436
722
722
721
722
673
859
676
722
688
1129
1669
674
722
722
679
722
1428
1798
681
1418
722
698
1436
1436
898
689
1528
1431
1526
722
1524
1435
898
703
1418
1514
1123
1525
722
1527
1439
1528
1525
1511
673
2042
722
681
676
1130
722
898
1427
1429
671
721
722
1417
722
722
722
1410
1125
1523
722
722
722
722
675
2472
722
722
1437
1154
722
722
677
1417
722
1410
1522
1522
1130
1420
1417
722
1422
1523
1418
1417
722
680
1427
1503
897
1520
1789
722
898
1428
1414
1128
685
679
1416
1794
1438
722
1418
677
1131
677
677
298
678
677
722
1427
675
722
1416
722
1417
1426
1128
1525
1524
1438
674
722
1436
809
835
681
1416
722
722
1410
1795
1520
1955
1439
898
722
722
1128
715
1524
1510
682
1410
1521
1443
1130
869
722
1132
1129
1520
1136
1434
722
2454
1414
1529
677
1418
675
1782
722
1437
1429
677
672
898
898
677
682
1420
1416
1417
722
1129
1129
898
1415
1524
1410
722
678
722
1950
1418
722
1818
1134
1119
1434
1436
716
675
1527
1413
677
1439
1414
1437
677
1438
1438
1433
1158
1433
1438
1127
1125
1131
1962
722
722
722
1131
1512
898
722
898
1438
1525
1438
898
1249
898
722
1119
1437
1676
1414
1519
716
686
722
1515
1439
1523
1432
1410
1432
677
1428
722
1126
1428
722
722
1125
1436
1439
722
1421
1125
898
1420
1417
1437
1523
1436
1438
722
675
676
1526
722
1429
1404
1526
722
722
722
722
1510
1425
1437
1129
722
1795
722
898
1439
722
898
722
1438
680
1438
1414
1436
1124
677
722
722
1436
722
1152
1433
680
722
1791
1526
1127
1419
722
722
1797
1129
898
898
679
722
299
722
722
2473
1430
1526
1438
722
722
1436
722
1424
722
1791
315
1126
1424
299
1414
1416
1430
827
1521
1782
1417
1523
1156
722
1417
722
1437
1520
672
722
1437
722
1409
722
1409
672
1424
1437
1502
722
1418
677
872
1400
898
1438
681
722
1513
1417
898
679
722
722
1435
1130
1428
315
1437
2454
1129
898
1420
1446
1438
1438
1797
1424
722
1129
722
722
722
722
1417
1794
722
1437
722
677
1523
1418
1404
692
1541
1783
675
1129
1124
1408
1794
894
676
677
1129
898
1436
1437
1543
1523
311
1527
898
1414
722
722
722
722
722
722
1525
1510
1427
824
1129
1118
1436
1428
1438
1436
1522
1768
1436
1419
898
722
722
722
820
1793
829
1428
722
1128
722
722
721
722
1799
1133
1123
679
722
678
1413
680
722
722
675
1437
1524
722
1522
1438
722
678
693
722
1414
1124
680
722
722
1789
1118
1127
1516
1120
1419
1795
722
1438
722
722
722
1429
679
1124
722
722
680
722
722
1524
1436
1521
677
828
1117
1526
1414
1436
1129
717
722
722
722
722
1130
1416
693
1523
1130
1523
722
299
1129
722
1128
1418
1393
1640
685
1437
1126
1524
1418
1429
1156
1519
677
722
718
1670
1420
722
1524
722
722
1437
1414
1525
298
1438
1525
1415
1240
722
722
1124
1132
722
722
1437
1520
720
675
1437
722
678
681
721
1416
1414
678
722
1414
1522
1438
722
1437
1437
1129
313
1520
1438
1955
722
1526
1429
722
1152
1734
1525
680
796
1520
1131
1130
722
1131
1418
677
1425
1438
722
722
681
299
298
722
298
1419
1118
680
1528
898
677
1414
1515
1524
679
709
1434
1436
1419
679
1126
1781
1672
1417
308
1437
677
898
1523
700
676
1415
1788
722
1440
674
686
1521
1437
1129
1438
679
808
694
722
1129
1433
722
1416
722
722
677
722
1428
1526
1414
722
1527
722
722
1522
1524
677
722
722
1131
1438
722
898
898
898
679
1427
722
1436
1437
722
1434
1525
722
677
679
679
678
299
717
1431
314
2462
1420
1419
722
1126
299
1127
2470
1522
679
1789
1128
898
1434
294
299
722
722
1524
1127
1436
1445
1527
722
675
1436
1524
1433
675
680
677
686
1783
679
677
310
2477
1792
1524
1523
722
722
1525
722
1443
1438
1794
677
1779
1523
853
1437
844
1949
1439
1433
898
1419
1426
1414
1440
1158
1525
1419
1521
1430
1438
1436
1436
1436
313
1158
704
1436
1783
678
1522
1130
1419
1522
1419
1129
1123
1518
1139
1512
682
315
312
1414
1527
1416
298
1415
1428
1438
1437
1792
675
678
722
1127
315
1512
1793
1437
695
722
697
678
1155
1961
1432
1125
1415
898
1527
1417
1526
1418
1433
722
722
1521
1425
702
722
1414
722
1437
1123
1436
1436
1522
1785
1542
1424
1527
1433
898
682
1438
1523
1526
675
297
679
690
1436
722
1124
680
1419
294
1436
1523
831
1417
1516
1123
312
1522
1417
1156
315
311
313
3254
1438
1129
1438
1424
694
1764
1158
1788
682
1434
898
1155
898
1436
1405
1435
1128
1414
1438
1126
1436
1427
1417
312
689
1786
697
293
695
674
714
1798
1436
1426
722
1125
1417
1521
1131
1525
1516
1415
1674
1526
821
1154
1437
1525
1416
1526
1129
1437
1417
1523
1436
1780
685
1524
2026
1523
1436
1436
1438
898
1436
1412
1527
1522
1526
1523
1524
722
1436
1521
1438
1795
312
1131
1762
1787
701
1444
1418
722
1519
1437
2026
1416
1784
2012
1132
315
1128
1525
1129
2764
1133
1155
1515
1528
1933
1427
1128
1786
1525
1132
1654
2015
1426
1414
1129
1679
1128
1444
697
1523
1129
1528
1131
315
1437
1525
1419
1415
1510
1437
1663
1526
704
1437
722
1522
898
1786
312
1526
1409
1525
677
1128
1520
1437
1792
1414
1436
1122
1125
1787
722
690
1127
683
722
680
692
1130
1437
1132
1129
1792
1787
691
1419
1130
1129
1787
1524
722
1436
1524
1129
1128
722
1416
1438
1522
315
1157
1436
1670
1514
1418
1120
1416
1436
1129
1522
1436
1658
1129
1129
1415
1133
722
697
1129
303
1786
680
312
1410
1441
1424
1417
686
1416
1433
657
1437
1437
681
679
1129
1129
679
898
677
1444
679
1419
1132
1526
1427
1794
1129
680
1438
1438
1520
1434
1436
1526
1523
1800
1436
722
722
1438
722
1438
1525
1241
1516
1408
898
1434
1421
1509
696
898
679
722
1129
898
1436
844
1129
1525
1526
1525
1442
1443
1520
1436
1436
722
1417
1131
1794
722
295
1241
1437
1794
722
1437
676
1520
722
1437
680
1437
722
1425
722
685
680
1419
1127
680
676
722
722
678
680
1243
1438
703
1439
679
1431
315
681
1437
1437
680
1435
675
680
1428
675
292
676
1424
679
722
679
678
1432
679
1436
677
1122
675
678
722
1520
1130
675
1430
722
1446
300
680
1435
1438
692
1131
675
677
680
705
674
1557
676
2460
675
677
677
1402
315
683
1522
1244
1414
1438
1780
1795
1434
1438
675
678
1124
1437
678
1797
675
678
1418
898
678
679
677
1129
1524
679
680
1410
821
1437
1437
1523
1417
675
1438
1419
1438
1437
703
1437
1245
1438
1524
1426
1153
680
1432
677
1124
1521
1241
1237
1410
709
2011
1444
1784
1438
692
1129
1443
1426
1433
1523
1441
1416
1434
1436
2022
1132
1237
699
1117
1236
708
675
1524
681
1129
1781
1437
675
1541
898
1525
711
1437
1120
681
1436
676
1438
1437
1246
1437
683
1800
1788
1416
1785
1434
699
1436
1242
2020
312
677
1793
1129
701
678
678
1433
1127
1240
1777
677
721
1437
1438
675
1277
1525
1409
1792
1436
1523
1414
1122
710
1411
1440
1127
698
1127
1524
677
1525
1515
1782
1784
2018
1437
1793
314
1437
661
1240
722
1789
676
1418
1438
807
1794
676
1433
1526
1436
1129
2023
2018
677
1411
1437
1129
1522
677
314
1798
1419
1782
1437
1433
706
1123
1424
1118
1437
676
1445
680
1417
1131
1438
708
1433
1431
677
1789
1156
1127
1432
1785
1416
1957
1431
722
1130
1432
847
678
1410
1504
1418
898
1440
1417
685
1520
1519
1410
678
677
678
2475
1436
679
1153
1119
1411
1429
1126
1437
1438
1438
1132
1155
1519
1425
1438
1438
1129
1432
677
1436
898
1129
1127
1438
1437
1512
702
1127
722
2760
1437
298
711
1437
898
1663
1430
2758
296
1118
1438
680
1436
1528
1126
1438
680
1440
1434
1798
1131
1515
1432
1947
1437
1951
675
1436
676
898
822
1783
1437
1523
1425
672
1438
1126
1427
680
1129
1425
1436
313
1438
1525
1438
1128
1438
1428
311
1127
675
1527
1123
672
1955
1130
1437
1436
684
296
1778
678
679
676
1132
1417
678
1127
1438
1437
1431
898
1436
898
298
1427
680
1416
1437
1441
1524
836
1131
2473
296
1436
1130
1116
1136
1776
678
1436
703
1129
1514
1700
1119
1670
1436
1436
1129
1132
680
1415
1436
2471
1122
1784
2039
1431
1130
1431
675
680
1414
1130
1443
1789
1792
1507
2718
1427
1130
1509
685
1427
1129
1763
1518
1419
1778
1128
1527
1130
2756
1434
2025
1429
1438
1437
1130
1153
1129
1437
1508
1127
676
1127
1793
296
1431
1132
1509
1128
1516
1430
1157
1437
1425
847
678
677
1438
1124
679
679
1433
674
722
1132
675
854
1139
1412
1426
677
1128
315
1122
1122
1527
1130
800
1436
682
679
1796
1707
1512
1129
680
1956
1432
1129
680
2469
1131
826
1526
1521
1446
707
1418
828
1119
1151
722
1129
1437
722
1793
1410
722
1425
1428
1515
1440
1129
1672
1129
838
1131
2471
296
850
1436
677
1421
697
1129
677
1789
1431
1416
1966
2021
677
1126
1130
1445
1128
703
1153
1521
1527
1130
1513
2472
