266
838
172
897
249
266
294
813
1521
267
722
1500
264
898
851
266
721
698
1129
704
889
261
1120
296
294
694
700
292
696
898
300
304
719
695
306
311
307
699
705
698
306
305
313
311
673
313
686
281
697
291
293
314
816
681
307
302
293
305
702
692
709
302
836
704
307
290
314
297
696
692
316
669
311
722
314
722
660
293
306
716
698
676
706
878
312
308
817
294
312
1130
705
898
689
706
691
303
302
310
700
312
683
1127
1126
314
703
297
709
297
310
310
863
1131
311
701
294
310
283
682
308
836
283
316
680
313
669
309
311
839
663
302
665
289
286
308
662
1438
258
286
1125
311
815
263
710
686
890
1508
1139
291
701
302
312
303
1143
265
310
297
1123
1126
294
313
312
1127
311
298
898
711
301
1391
857
898
312
844
850
1131
684
298
896
294
282
304
834
295
315
293
1140
301
314
1123
284
699
314
315
312
1134
299
294
700
688
1127
292
313
894
826
307
834
311
819
312
1132
722
1414
1136
678
1123
1129
299
810
285
806
310
1135
304
870
295
311
1206
299
684
289
287
809
694
1415
683
660
313
1438
897
694
313
688
310
294
314
1123
1118
298
696
898
688
702
707
311
311
289
310
311
314
307
308
1131
678
898
683
1138
706
820
698
301
315
1131
701
680
311
311
311
300
1441
311
311
311
316
311
311
311
313
311
1130
313
1440
1128
719
310
305
311
311
312
296
295
311
863
306
293
298
671
299
291
1228
809
311
1126
722
1127
307
679
871
295
888
314
1236
274
868
703
309
291
311
293
896
302
805
313
874
874
1131
682
722
898
702
1136
305
299
268
1131
698
710
311
898
834
701
310
303
313
1140
305
314
1112
698
1413
314
280
679
296
1123
722
849
307
314
702
1506
1135
681
287
313
847
718
314
309
1437
1123
716
681
1127
297
307
301
310
307
303
276
314
673
1410
265
307
304
313
311
310
311
311
1435
311
898
1123
1150
708
665
303
832
688
1440
311
311
313
306
311
311
315
311
857
706
684
311
305
1129
301
682
311
313
294
1515
302
308
297
705
683
712
708
702
315
307
315
297
315
311
315
312
315
1132
898
691
311
684
680
311
795
314
1440
314
313
311
315
311
299
312
311
311
308
315
311
313
315
709
314
311
301
315
708
308
311
311
311
309
686
308
315
315
309
311
315
313
311
312
722
311
314
305
311
311
303
315
313
311
315
298
313
305
311
313
311
315
313
315
312
311
315
311
315
311
313
315
711
311
315
299
313
313
722
864
290
303
316
703
302
697
1122
305
819
702
308
1439
313
308
1138
898
822
693
303
898
305
711
1123
254
674
313
1244
303
287
308
706
688
304
679
707
1142
312
309
315
314
314
312
1147
1131
305
315
314
296
309
315
311
707
1131
304
1129
722
661
311
315
311
311
315
314
705
314
312
310
310
311
314
312
701
311
315
698
311
315
311
683
312
314
315
305
315
311
702
311
314
308
311
310
314
311
314
722
708
316
310
313
311
308
307
711
315
308
315
311
309
315
1435
288
315
687
698
1117
1140
687
315
1124
1431
298
692
1124
685
314
315
288
707
701
310
898
898
688
313
290
305
310
312
1128
308
313
695
308
315
702
313
315
698
291
303
277
310
315
1127
294
683
684
830
1125
303
307
1128
311
315
306
316
312
693
312
706
315
308
315
707
704
697
688
310
1127
696
1125
315
697
312
715
303
310
311
313
310
717
1123
288
310
708
1122
296
702
315
308
315
307
310
1434
304
311
315
702
699
679
313
315
309
311
302
1139
704
306
315
309
315
1420
309
315
314
307
311
1428
315
695
311
305
898
1433
307
310
272
686
699
311
308
310
310
315
301
309
697
692
310
722
310
315
1122
315
310
695
315
311
312
315
315
1129
289
308
315
687
304
1125
301
308
703
310
306
1525
310
310
303
315
1127
1132
1128
706
315
300
310
688
312
314
696
703
306
695
1124
722
1519
694
705
315
705
662
690
707
683
700
312
315
849
311
315
1127
707
310
1115
711
305
304
695
695
304
706
697
312
1128
313
310
315
699
701
707
698
315
1436
1437
1126
315
313
722
696
310
315
310
315
1126
722
696
315
709
314
1125
301
695
315
1128
314
308
305
311
310
702
1126
1122
682
877
311
299
305
313
691
307
1435
1128
1127
695
1125
1124
707
312
1527
722
1524
1130
294
1122
855
1114
708
699
311
1114
708
1126
707
1437
1127
677
697
685
313
722
1127
697
1437
1124
674
704
1128
685
722
701
308
700
704
315
709
696
1134
295
707
709
694
705
700
1125
1129
1122
311
703
693
702
702
315
703
1110
868
700
699
703
1115
703
305
1437
708
315
696
1110
300
1434
693
819
697
707
297
1124
694
697
310
710
710
697
1223
701
706
705
310
312
710
704
307
315
682
315
697
1127
696
707
296
697
1129
313
708
707
696
1123
698
303
685
703
310
1125
702
295
698
312
1124
703
710
314
693
694
692
705
707
697
314
312
312
703
679
1128
695
722
295
1412
309
314
300
692
677
1130
708
1432
706
1126
315
1433
694
1113
1124
699
315
677
710
707
298
682
702
312
703
693
1128
709
693
709
299
695
1114
1436
1122
694
701
313
702
1664
694
705
315
702
708
1520
305
1122
312
696
286
709
287
700
1438
311
1438
311
696
1125
307
306
303
1525
311
311
310
311
298
1112
710
699
1122
690
1122
312
708
685
710
707
311
828
311
1122
296
1124
310
707
311
313
312
706
699
1124
690
702
694
1114
1122
1438
1128
315
313
706
720
699
295
705
311
707
312
315
311
1109
311
311
306
698
1430
1436
691
1123
1125
310
314
1124
692
704
1125
311
1533
702
898
705
690
1113
679
1658
693
707
308
1123
1126
311
312
311
1956
312
1115
1122
700
1128
702
702
314
1124
310
312
1122
1125
707
1122
692
1110
1123
696
721
1126
314
1125
698
289
1516
1122
1122
693
1129
296
694
311
311
1126
1125
1439
312
1127
1125
313
1125
1115
1435
311
1124
302
312
1125
1120
1116
314
705
311
1527
1131
305
1436
304
1525
1414
311
1436
315
312
1113
314
312
311
1123
1116
1117
311
1792
1136
305
699
1106
1125
1122
689
1126
1435
692
1795
1124
679
1124
697
696
1124
311
1125
1438
1123
311
694
1122
1122
1122
697
302
1118
706
1123
312
1123
1124
311
1434
313
308
311
685
1116
1114
304
311
311
315
690
1114
309
1110
1115
312
308
304
1115
1527
1441
702
311
1506
1523
1121
688
700
1528
798
691
705
1123
315
1522
312
704
311
314
298
696
1117
719
314
298
313
1123
1124
696
1115
1438
304
300
1525
1792
698
712
313
297
1125
690
680
1125
311
314
898
695
314
311
313
697
314
1520
1117
697
2458
708
303
705
687
707
678
1116
1523
1231
1527
311
703
708
702
1122
302
300
1118
1118
312
308
1522
694
1117
1120
1107
1438
1122
1135
1116
1522
680
1117
312
1436
1155
1439
1121
707
312
689
312
1131
1125
1123
1112
800
1525
1120
700
1120
689
1121
1117
1122
293
1120
719
677
1114
1130
309
1129
1439
314
1128
719
688
1111
1423
314
1127
1128
309
1117
1117
1126
314
1790
1124
314
312
1123
1129
709
1671
1437
1675
1790
704
1127
1440
294
1113
1117
679
703
1124
1123
312
1527
722
304
1527
1658
722
1129
1114
1120
688
1123
678
692
1130
1525
315
1118
689
1122
687
314
314
699
1130
313
1125
2031
313
314
1520
704
1544
1425
1123
687
1530
697
1414
700
1525
1529
689
1117
1124
693
1122
1420
685
287
310
314
1128
695
1438
1122
1524
1133
314
690
1439
299
1526
315
1526
1117
308
722
708
1137
1131
690
1441
1120
310
676
841
1128
1127
310
719
1127
1524
722
690
1123
708
304
1127
1410
1437
311
697
722
1142
1121
1522
704
304
1122
1137
1125
1126
1127
679
1128
305
1128
1660
304
1127
688
1109
700
313
1126
1518
1131
1120
1665
1130
1127
302
1438
1127
1130
1129
1140
314
719
1117
898
1117
1126
679
693
1129
692
1130
1126
1122
311
1416
1127
1129
1122
697
689
1124
1131
310
1129
1437
1125
1115
1117
314
267
1436
1437
1129
1128
1441
1120
1525
1135
1421
1124
313
1232
311
1120
1795
1437
1436
1122
1440
1240
284
1438
1129
680
1133
1125
1125
1118
698
1129
1524
1436
1130
302
1132
1127
1417
690
722
1524
314
1131
313
1127
315
1131
1438
1152
682
686
1117
1408
1120
1436
1153
305
709
314
2462
704
1438
1130
306
722
307
693
1664
1130
709
1437
690
1438
702
1524
1122
701
677
1129
706
1437
1439
1417
1438
689
1416
1131
695
314
1526
1129
1106
303
681
1440
1123
1234
1128
794
1132
312
312
1428
684
1123
1136
1437
1522
1115
1123
312
1130
312
1127
1437
1130
1132
1117
703
1123
854
844
1441
1116
1130
698
1128
1131
310
1522
1129
1119
312
1128
722
1525
1138
719
313
1435
1156
1126
1433
1126
1140
1518
1129
1128
1145
1521
315
1440
1122
292
304
1129
1235
1130
1133
299
1522
294
1525
1130
1230
2015
1127
1118
678
1126
1438
294
1127
1405
312
1129
1524
710
1130
311
1124
1514
315
1527
1127
1525
1523
1157
1127
1438
1409
695
1524
291
1433
1125
313
1129
1527
1122
291
1124
722
293
1411
1123
311
1127
1428
1527
1126
1116
1408
315
303
1437
1525
1126
1526
1124
1115
1132
315
718
1524
1436
1429
314
1522
1125
274
1124
1123
1229
1125
678
1128
1123
1122
711
1124
679
1130
684
1793
1130
1155
1130
695
688
2025
1230
706
1224
313
1123
1416
1125
2011
1128
1128
305
1438
313
1128
1133
676
1112
1129
699
722
1123
1132
1120
1123
1125
1134
312
1115
686
1128
1123
722
315
313
1125
719
1123
1437
1525
1128
1521
1800
314
1123
1129
1528
1525
720
1126
1131
793
1437
312
312
1524
1229
697
1124
703
690
1522
1437
1124
315
1522
1437
1228
1419
1130
1219
685
1120
1130
1415
1432
1126
1125
1235
1128
1129
1437
702
1529
1124
1130
1132
1438
687
1128
1524
1241
695
311
1436
1414
307
1124
1124
677
693
312
1780
312
1519
1524
281
1122
1530
1528
1527
1408
1437
283
1786
695
1244
1437
1242
1526
1125
694
1126
1431
1126
1438
697
1414
1129
1404
312
1436
693
1122
1129
694
1523
1126
683
1131
1526
695
312
1118
312
1437
1246
1129
1436
710
1524
1130
1126
1125
696
1530
1438
807
1276
1525
680
1513
1124
1128
1126
1438
1127
718
1121
1525
1525
1436
1436
681
1526
1129
1130
1435
312
1123
1517
306
1800
1407
1120
695
1130
1153
1231
1230
1130
1229
307
312
314
1129
297
1123
682
1528
315
1523
1120
1123
310
1528
1229
1129
1126
1524
1435
2462
1231
1107
305
1118
1523
313
680
1134
1127
1436
1125
697
1951
1126
1122
695
1524
1126
305
1525
1122
1128
1440
1417
1124
1527
1521
1124
270
312
312
3252
705
713
1528
1524
1438
1437
1413
819
686
1410
703
722
1525
1124
1956
1795
1524
1125
1432
314
1527
1126
311
1126
1522
1436
1438
679
1787
1438
1522
1122
1960
1418
1127
722
290
1523
677
314
1415
680
1418
677
1136
2467
1527
1123
1525
1127
681
1519
1436
1520
1524
707
305
1524
1523
1155
1525
1126
680
312
1522
1127
1125
1124
1525
314
1524
1791
684
1516
1120
1524
1675
1525
1401
297
312
1129
1525
1131
1523
1437
1436
1123
702
312
1115
1413
1438
680
707
1123
1789
1152
1438
306
1516
1127
1124
278
1525
1128
1523
1225
1128
1121
1438
1135
294
1817
300
711
722
694
1789
312
1415
305
697
1437
1125
1542
1121
1440
699
1525
1803
2010
314
312
1506
1437
686
1791
1139
1131
292
310
1408
1132
1411
314
315
1527
1797
1529
1526
1440
1125
1127
1527
1152
1436
816
690
1801
1123
1127
291
315
2467
1427
1414
1126
1430
1127
1523
1409
1794
1525
1239
1526
1525
1527
312
312
312
1528
1523
1444
1126
1525
687
312
1528
1137
1126
313
694
311
699
312
1125
1792
315
1131
1114
1123
697
692
722
298
692
1230
1436
1514
1526
1124
2018
1796
312
1120
1438
1414
706
679
1526
676
1525
1128
1413
1522
1527
315
1670
1956
1524
1143
1525
1521
697
705
310
679
315
697
312
1439
1794
1528
1529
1527
1445
1524
1442
314
2015
1963
1438
314
311
315
1411
1520
1526
1950
2467
680
1436
1438
280
722
675
1437
679
1436
2016
2010
1227
703
1528
1436
1520
1523
1524
1136
1242
2014
1525
690
312
693
2466
3253
2025
1415
1526
1530
680
2007
695
1436
1122
1437
1526
1127
1123
313
695
1680
1228
1439
1435
1526
1152
1125
807
1948
1412
1436
1431
314
1788
2013
1123
679
1523
3254
288
1404
311
1434
314
679
1678
311
1435
1438
898
310
862
1122
701
1423
694
311
1526
1523
694
1671
311
704
1436
283
1791
1415
1416
701
1123
681
1953
1154
1436
305
677
292
2025
700
697
311
1788
1440
314
1525
1960
315
1439
1129
1128
720
1129
2750
681
891
1138
1511
1514
315
1126
695
312
1789
1127
709
315
1439
315
1127
679
1524
1434
313
312
680
2469
1784
1951
1220
297
1523
1132
1412
1519
1155
1522
1419
1440
1508
1116
278
1522
1233
2467
1520
2018
312
1521
1522
298
1796
1521
698
676
1230
1151
285
312
1149
286
308
680
683
1539
1784
1129
1126
1953
690
314
1126
722
312
1425
699
1527
1799
288
1429
1525
1436
311
1523
1438
1231
1129
1954
1125
315
274
2468
1411
1227
721
314
1525
314
1518
686
722
1129
699
1417
312
1795
697
1438
1132
722
1790
1140
312
315
1435
722
1123
302
1409
1780
298
1132
1963
675
680
1674
722
1126
1410
1523
1436
1524
1944
722
2006
1777
2448
1521
678
1231
704
685
707
1123
1429
707
1423
2470
283
1512
1946
1128
316
677
1957
685
698
1129
1123
3254
1126
1132
1799
722
694
1527
315
1525
722
1434
1436
2470
2469
1962
1957
1132
1440
1433
297
1129
2767
1785
1225
1437
1124
1238
1126
1780
1506
1526
3252
685
1801
699
1792
286
1437
1434
695
706
722
1128
304
314
1526
722
1525
1792
1409
2472
297
1437
2469
705
1436
313
722
1640
1127
885
1431
312
1137
679
311
2466
1232
314
1426
1957
1525
814
298
1142
706
1522
1963
1135
697
677
294
1413
1789
1657
722
1782
2472
1957
1520
1507
794
1131
1958
679
1409
1228
1510
1509
722
1523
1665
311
687
1134
1801
1655
693
1437
709
697
1124
2469
1419
1128
1125
1791
2456
1139
315
1437
722
3252
696
722
1135
722
312
1435
1128
1129
1952
676
1525
1233
298
2466
1529
1437
1123
722
1230
2046
690
690
695
722
2010
2006
1673
1131
1141
1437
1944
1241
1437
314
314
315
1542
693
299
2464
1935
309
1121
721
2011
701
1128
1645
685
1437
710
1136
679
313
1522
1141
312
279
1986
313
1755
1523
818
1123
304
1437
1440
2470
285
1123
722
1514
694
1955
1527
1960
314
710
704
1143
1961
2467
718
1525
2020
314
690
1514
685
1134
315
1435
722
1223
1409
1956
1680
1130
1546
1797
1235
689
314
299
1670
1431
693
1966
679
696
1428
2472
722
722
3253
680
1422
722
1436
1410
1418
2470
278
1674
1437
1126
1417
312
1792
1521
692
702
1544
722
1141
2469
2469
1795
315
292
1509
1125
2468
3254
1414
697
303
691
2472
1676
1669
1544
690
314
1122
1154
701
1665
722
2477
1433
1783
706
3253
3254
1137
686
1128
1438
1526
1521
1123
722
1129
1135
312
1543
1130
2467
1800
1234
1955
721
722
2472
1789
886
1527
1529
3252
294
267
1667
704
1127
1542
1939
674
1131
1123
1672
1127
1793
276
1136
722
314
685
1123
264
699
695
2476
314
1956
682
722
678
2747
314
691
300
1789
722
1796
1434
694
722
2012
697
1124
1232
695
1796
1412
1509
1426
722
706
2021
1783
2007
1801
290
2472
1675
1665
1795
1110
1438
722
3254
313
1793
2473
721
694
1413
2466
679
1957
1544
1525
1529
1436
1429
1434
1438
312
1433
1787
690
1435
2470
1406
314
302
313
315
1963
312
1677
302
1219
1429
2025
315
1678
1437
299
1800
316
692
722
695
722
1439
1526
1131
1121
1129
299
1234
1438
2469
1528
2469
722
1221
2467
300
722
722
705
2464
2468
1530
1782
1127
1414
1127
696
1437
709
292
305
1672
702
722
1524
722
1129
693
681
1436
2469
1784
1437
674
722
1437
1130
1512
1914
2470
693
889
691
813
1426
1129
1796
695
1239
704
288
1436
722
1411
1526
2023
697
1522
722
1129
1781
1130
1430
1544
1423
1441
720
695
2019
1434
698
679
702
1128
708
2765
298
1414
717
695
702
2467
898
1133
1438
1407
722
698
1438
1128
1114
722
1443
699
2461
833
1960
1440
2021
699
711
3254
832
296
1129
2468
722
1517
1771
1443
3253
722
269
282
1120
722
1523
2473
1135
687
1243
1675
1415
706
2752
3253
1658
1126
1123
312
2766
1122
2749
2044
1127
1411
1431
1541
694
1430
1436
283
1234
831
1427
1156
722
1514
1406
677
1122
1111
1787
1119
706
281
686
1513
1130
315
313
312
679
807
1512
315
1437
3253
291
1121
299
306
1435
884
2042
293
2025
1436
709
1430
2017
1783
1779
722
1123
1117
1438
1543
1524
297
295
1236
1797
2029
1805
1150
1544
1436
1130
2042
1122
703
313
1675
1787
293
1435
722
1511
2755
2022
1122
313
1106
1792
1120
311
679
1212
1117
1797
1149
688
1122
1525
1430
1129
1791
1438
3252
667
1136
299
696
1122
1788
2469
2468
722
1439
313
1543
811
860
1432
722
1435
1958
1438
1430
1674
291
1796
1512
1778
1679
722
2468
1503
1530
1431
1528
682
1438
807
1433
695
1104
1791
680
707
1125
1796
2773
1106
1789
1511
1797
1116
722
1795
298
1429
1783
2467
676
1676
297
1117
3252
1807
1787
1954
1675
1411
682
1787
2456
1123
1784
312
3253
2763
1675
1437
1132
3254
260
274
1433
3253
700
1505
1130
1433
1124
1512
674
686
2469
2041
297
1799
2477
1788
2001
1789
1435
2462
687
1788
697
1433
282
696
1124
697
1432
689
1433
2466
1131
299
722
2012
1120
2467
1124
1246
1437
312
1124
1800
1435
844
1440
1956
2466
1515
1124
1783
1960
2468
2023
1224
2467
1123
1961
700
1516
1425
315
1126
1414
1667
722
1424
1226
1797
1542
1121
1953
1154
312
1436
686
2465
1123
1773
1802
1525
306
697
1122
298
1789
2025
1126
1121
1436
1227
722
1116
689
1122
1125
1783
1154
1957
1438
2465
2008
2466
1125
1414
1403
1116
1117
302
2765
1796
1789
1784
311
690
2468
710
2468
1440
1118
1133
2469
722
1542
2760
2467
1138
1126
1240
2009
1128
1769
1782
2466
828
1780
2012
1226
836
1118
699
1787
1516
1230
2467
1119
1794
1134
696
2459
298
274
315
1129
691
683
2456
679
310
1543
1542
683
1115
1796
1428
1123
1227
2048
310
1243
1956
1124
293
1524
1524
1135
3254
1127
722
1796
1677
1437
693
707
1435
1958
2468
2470
1158
1522
1544
1542
1434
1530
2459
697
689
1787
2469
685
1796
315
1526
680
309
1231
2043
1112
678
680
1152
1417
1768
678
2460
1956
681
698
722
1419
1123
1126
1441
1138
1543
1782
1544
1119
1543
1795
2467
2469
1543
1523
2022
2022
1247
1126
1431
1243
1796
1118
722
1401
1226
1787
1510
1223
1436
708
680
1962
