1087
312
311
311
311
313
313
310
682
201
682
312
310
310
313
316
886
312
314
690
311
315
311
314
1413
306
315
315
312
312
314
311
704
311
690
314
310
303
311
1136
697
311
312
1134
300
1123
1129
312
722
195
722
301
692
310
310
311
308
311
308
298
1137
701
283
697
1133
694
296
275
1139
675
311
311
309
306
685
285
1127
285
312
311
273
312
1408
286
312
309
292
708
711
898
313
898
310
692
1111
816
681
312
1170
1120
898
880
795
703
1129
813
312
299
1127
700
698
704
1237
311
298
289
1126
722
703
819
692
298
298
828
310
1389
299
693
1139
845
702
296
693
288
691
304
707
1405
312
310
1213
310
722
722
311
1994
314
722
312
313
311
313
312
312
302
707
312
314
852
702
706
309
898
313
706
1240
707
305
312
310
312
1427
853
1239
696
1215
312
311
705
1131
314
697
722
701
304
691
307
1800
1480
312
310
310
311
312
311
310
311
310
313
311
1129
301
312
310
310
311
314
836
704
711
1129
820
310
1413
722
1244
314
312
312
1243
819
308
690
312
690
310
310
313
310
312
685
684
311
302
312
1407
695
697
704
312
671
312
690
1125
305
311
1128
312
679
1426
898
693
675
680
310
1126
315
313
315
315
315
312
678
1421
312
722
312
821
1149
841
312
311
312
1441
705
1129
1431
313
683
312
1127
302
304
1130
313
675
307
1408
312
690
310
310
1215
1522
1444
898
684
310
1151
312
1126
684
1127
308
312
312
312
1128
1488
898
313
310
314
690
682
1492
676
315
722
313
690
1644
688
1241
661
680
1427
310
308
311
306
1130
685
1127
682
677
1129
676
297
1430
1521
313
314
709
1385
682
684
722
310
310
855
1410
314
308
898
869
1403
310
311
696
893
1483
898
1130
1244
722
312
303
1409
720
680
722
722
688
1118
312
857
1404
314
683
1127
1130
312
722
688
311
1410
677
1528
1127
1412
689
298
1130
302
315
312
1129
312
312
314
312
1130
311
1152
1666
315
310
311
304
313
1442
834
688
820
679
312
298
315
695
1512
315
1137
1431
865
313
681
309
1504
1408
828
823
1774
680
2461
1430
1413
722
1427
308
684
1420
315
312
1523
312
1126
1422
868
1117
857
843
1425
1525
1435
841
1510
312
311
300
314
680
2008
307
315
312
314
315
312
1438
679
312
1414
1424
808
680
313
1671
311
722
310
310
310
310
310
1130
1650
682
308
678
1411
313
1416
311
313
859
1245
2749
306
679
1132
896
679
311
1436
2461
843
1512
312
898
315
1425
857
303
703
898
1663
314
703
676
310
705
1940
691
1424
303
2014
314
1241
1672
703
1139
1124
1762
314
312
1800
302
1427
1408
302
1243
1541
680
1427
1410
315
1786
1139
1963
722
898
1533
682
1113
1522
1943
857
2020
1794
2024
680
1433
710
701
680
304
1242
698
1136
693
312
311
1118
1796
692
311
1945
896
688
303
1777
681
722
304
303
1519
1438
1155
1519
1436
722
2003
686
1136
1436
1523
1438
311
1111
1426
1522
879
300
310
293
297
897
314
690
305
305
1132
1137
682
685
678
694
821
1154
702
297
1136
700
1440
709
693
684
1130
698
313
651
680
1128
1429
1129
1129
311
683
710
306
677
314
299
307
307
675
679
40
684
303
1126
685
1122
1431
683
675
679
685
690
1398
690
1416
679
681
1154
678
1521
1396
1137
1413
1522
848
679
685
1520
672
1522
1652
1787
1430
1671
1524
692
1129
686
313
1512
675
313
686
835
696
677
1435
674
866
1131
887
898
1126
1405
706
1811
1788
898
1130
1129
1153
1525
1139
1523
1752
699
313
1138
898
677
898
673
1126
722
704
675
1130
722
675
1138
680
1414
675
1139
722
689
1788
1138
679
1413
1956
897
1433
897
721
675
674
830
677
1129
1675
1433
1515
1792
1797
675
1754
854
1438
1438
673
674
674
672
676
1430
674
1128
310
676
672
1125
1426
1432
824
1127
1415
1786
1417
1424
681
1138
310
315
1428
1434
298
1783
678
1417
314
1236
1436
1956
1241
1540
676
1154
675
1781
1668
722
1127
1137
1773
296
898
1785
688
1927
2010
1155
1120
1938
720
314
1242
898
1787
1524
680
673
1544
722
680
40
691
685
1783
890
1414
722
3254
2021
675
2023
685
310
678
1129
1437
681
686
675
1542
671
892
311
311
312
311
675
675
1156
681
2023
843
1522
314
679
722
1129
310
1150
2016
1796
720
674
1266
1413
2017
890
675
682
1780
1786
2463
1956
1438
1157
679
2023
683
1802
1956
679
1679
675
675
1927
1129
1440
687
675
1417
311
1444
1786
722
674
2007
1527
862
722
1424
1784
675
1784
679
2466
722
313
1947
1646
315
2736
1148
1524
722
722
1779
1956
1778
676
680
2016
1542
677
681
676
1437
1788
1525
1778
1787
2465
1418
1777
2017
1152
1522
1772
675
1129
1130
1779
677
1125
1124
674
1793
678
1946
1137
676
1539
693
2027
1950
722
1436
312
1794
2020
1662
1782
1438
1939
290
722
1508
675
675
310
675
1958
1948
1790
898
1794
681
2761
300
675
678
684
679
1782
2022
1670
676
1127
1822
294
1122
2019
309
1796
722
677
696
820
722
1129
1131
312
1526
1542
680
678
1784
1771
2472
678
675
310
1525
1426
1785
1540
1514
2462
680
2004
722
680
1667
2749
1649
1527
1958
722
1544
684
312
681
675
1128
679
1132
314
677
898
3253
722
308
2473
678
1792
1797
2015
1794
1414
311
675
2013
310
312
674
678
311
312
311
311
312
311
312
1958
2019
1955
292
1821
1131
688
1785
2020
722
1436
293
2008
1521
3254
718
1524
1791
1121
311
675
311
1129
311
2461
1138
675
1669
1157
2016
898
316
676
1784
2468
675
3253
312
674
1954
1127
2014
674
2022
314
315
674
1128
315
1524
311
310
2025
314
1795
679
2024
2021
1436
1434
306
1523
310
2468
1126
678
720
712
1432
675
675
1128
1543
1524
311
2026
294
292
676
2464
311
677
1132
722
3254
690
1417
2444
292
2022
2007
2472
299
797
1795
2754
1436
675
676
675
722
314
312
2465
677
677
671
707
675
1804
2023
679
1793
678
1436
682
700
679
676
678
1126
722
312
311
311
295
1795
1124
1524
311
311
1239
1544
2026
1958
3254
2021
689
688
1133
2020
1125
1124
678
2023
1917
1821
2018
678
722
1125
680
722
1518
1543
2472
694
2022
1132
314
2015
679
1427
1129
1667
1152
1543
688
2019
672
1123
674
1431
674
2025
673
1818
310
2744
680
2019
1126
2022
694
1118
2022
678
2023
722
677
693
676
302
1434
304
1125
678
1782
1129
674
1790
2470
681
722
1157
676
675
1787
681
681
675
1959
2018
1126
722
679
1130
678
1417
676
1952
898
310
311
2014
686
2021
3252
1962
898
2466
675
820
1117
298
2017
1415
1437
1124
1124
309
683
675
1123
674
1785
315
310
2010
1786
677
1130
309
308
309
2024
2024
675
1789
682
309
309
315
1125
675
675
682
2021
711
1129
1434
1125
1544
2475
677
671
312
1965
312
1666
314
309
309
314
1242
2023
1785
678
678
1954
675
678
1133
804
3254
2026
1800
2021
312
712
3253
679
1132
1432
673
675
679
1129
305
678
1129
2021
679
1782
312
2472
678
309
2020
2474
311
722
2020
1778
675
678
675
681
313
1130
311
722
1127
314
677
2022
311
2018
676
683
1124
301
2024
302
302
675
722
1135
2470
1124
1819
1523
718
2024
673
677
308
1947
676
722
313
313
1413
678
2021
703
312
304
312
312
680
2465
855
679
1526
2467
2023
1128
677
679
2023
1158
676
1816
1140
689
2022
672
1527
1958
1128
2018
2021
1786
305
312
1130
312
675
1820
312
311
312
312
1436
2020
677
674
673
1785
1544
2020
694
676
311
676
1138
310
677
2015
312
1437
1129
677
1436
679
686
1152
1543
685
2019
1405
1792
2468
680
312
2017
677
307
684
2021
678
1129
680
681
1518
677
309
1157
1420
2022
2015
308
1158
680
2025
2471
2012
314
314
1527
314
312
312
312
1129
679
1784
680
310
1397
1126
1133
673
2465
1786
312
678
675
2474
311
312
676
310
677
1514
1129
312
311
311
298
309
1132
679
314
312
312
311
2472
315
314
312
315
1128
312
315
1779
680
682
1430
1436
674
315
313
685
1432
722
309
1421
1513
2470
312
312
2021
678
1522
312
2454
1127
1128
2027
677
2474
2024
1817
1518
312
679
1124
2018
1117
898
315
678
1789
2455
310
1789
2473
1126
312
676
672
1823
310
679
314
314
312
312
1420
1130
680
1956
312
1117
1155
1124
1123
312
1155
1130
1132
2022
676
1131
677
678
676
1786
1797
1953
1982
1426
677
678
674
314
711
679
681
312
2469
1795
1528
1127
1788
680
678
678
694
722
2020
1125
2733
715
677
679
680
1111
1784
1158
2018
675
675
1130
1124
711
2020
2022
1154
1804
677
678
1128
684
1523
1137
680
1130
674
2018
1952
679
675
1791
2756
2012
1438
677
308
1155
2469
675
722
680
2020
1126
2466
1152
1154
2746
1124
1526
706
1139
1124
677
1124
1126
2024
722
678
1154
1128
676
1130
680
1155
680
675
1125
1817
1435
1128
2018
712
2015
2456
676
722
708
678
678
676
1131
674
1128
679
1529
1130
308
1130
1130
1130
1125
2468
680
677
1133
1425
1120
1131
1437
312
303
2468
312
1528
1121
1131
1125
311
1673
683
313
314
312
2018
1124
1157
1129
1130
680
1117
1122
1124
679
1805
2747
2023
1155
680
679
1525
3253
1433
1130
2462
694
1151
691
706
308
1152
1821
2450
1801
1803
1779
679
1787
680
2466
1787
1130
702
1130
1129
1157
1128
672
680
678
680
1125
1674
1814
679
684
705
2472
1674
1124
2020
2019
1525
312
677
1152
1815
680
1152
703
1786
675
675
1785
1788
312
2017
683
2019
680
2024
1939
706
2747
794
1126
1124
1156
2468
1122
679
677
3254
2457
311
313
311
1127
682
2016
311
1523
1415
3252
1438
305
1131
711
296
2477
2468
1427
1132
1138
676
1155
312
674
315
707
1131
306
722
2019
1230
302
681
1123
679
1784
701
1158
706
852
1790
682
679
1123
691
1155
1795
1129
1128
1428
679
680
2011
685
1131
1789
1437
1821
1964
1152
678
2473
679
1522
1955
1138
676
707
2477
1128
1665
2024
2454
795
1802
690
685
1125
1954
1233
2025
1674
1543
1155
679
1128
679
898
1123
2468
2021
1818
1129
2021
2018
1524
1674
314
678
680
1437
1818
707
1127
2019
2469
2046
712
1139
686
1818
1430
2022
1133
1959
676
685
2022
704
1127
676
2025
1125
678
680
678
844
702
702
2016
1157
2022
1125
1128
2456
1803
682
1125
679
1957
1803
1543
680
2026
676
722
1117
681
1129
2024
1131
1128
307
1118
2024
682
2022
706
3254
2021
676
1140
898
2020
2024
2473
2024
1157
1128
1129
680
312
680
675
2467
1132
1129
1525
1426
705
1436
1524
313
2472
679
1791
2742
2475
2465
1123
1150
1438
679
686
1156
2463
298
1130
1125
1789
3252
1129
678
1783
312
705
2474
2475
2015
3254
3253
678
1956
1157
680
679
2461
1788
1133
696
1123
693
2472
303
1673
1789
1152
722
679
2469
1783
1129
1948
1419
1126
2019
722
2023
680
680
677
2018
2020
1127
722
2006
2475
1956
1127
1131
1953
1129
1126
1770
679
307
2457
676
692
1154
1954
311
3254
722
679
1126
1948
676
3254
2755
1153
680
1129
677
679
1155
680
2757
1438
2754
692
313
1127
2472
2019
680
2011
2018
311
2471
2020
705
1818
2443
722
717
2747
1128
1436
702
1152
1525
2016
2020
2016
1541
1152
1406
2023
314
2020
2019
2753
2023
682
1131
1519
2758
2470
1676
677
2045
1541
1951
709
1780
2018
1409
1798
679
1542
1941
315
676
829
3254
314
1157
1416
2019
2466
1416
2023
1437
314
677
677
1797
898
1675
1676
2023
312
314
312
2472
2464
3254
3254
716
1415
1131
1485
3254
1129
679
2473
678
1817
2451
315
314
1426
314
313
2017
2024
722
679
722
2471
678
898
1961
2460
3253
300
315
3253
2741
681
315
680
2463
1157
2010
2468
2762
675
898
1817
2012
1436
701
2470
1126
678
2025
1417
315
2017
1796
722
676
679
1130
677
1131
314
677
679
2451
314
1666
680
2472
1438
1136
2025
1794
1797
679
678
681
315
2465
1136
2022
1126
679
680
826
1118
2025
1432
678
2462
2463
678
678
2021
2472
312
1414
1789
2021
1410
2473
2469
675
680
1954
2018
2470
722
315
858
2756
677
2472
3253
315
2027
2020
315
2472
2022
2020
3254
314
2023
1523
2470
1130
1522
1124
1817
2476
722
677
2467
680
2472
1817
2479
2024
1525
680
2479
3252
2006
1419
1527
1820
2746
1524
1130
678
1674
678
1540
2472
1131
836
1406
675
1784
314
2469
3254
1125
1955
1668
2023
1152
1156
3253
2021
2027
722
1415
703
2020
841
1674
1432
1528
1675
3252
1788
2466
3253
2019
1789
1814
3254
1525
677
3253
1416
682
672
312
1526
2459
674
2464
1438
1418
1419
1442
309
2466
717
2004
315
2023
2730
675
1787
1418
2024
2754
716
2470
2023
2468
1130
3254
1410
2472
680
2022
1431
2018
677
1792
680
2460
678
2762
2756
293
680
2021
678
678
678
3253
2465
679
675
1670
679
1791
2024
1436
680
1522
2466
1787
1953
1419
678
1818
2472
1785
680
2025
1670
2738
2464
1436
1817
694
1414
2042
1820
2462
677
1676
680
1527
3254
3254
2019
2467
1952
1436
2460
2478
2020
680
1817
1124
1523
2468
2771
3252
1130
2752
3252
1131
675
1543
2474
1436
1804
677
692
2020
1527
2469
2470
2760
1788
2460
2472
678
3254
694
2750
3252
2477
2736
1821
679
2472
314
1128
679
677
2465
1675
2026
1141
678
3253
1432
3253
2009
2468
3253
2472
302
1792
2463
1415
2478
682
2026
296
2480
3253
2466
2475
2019
303
680
1230
2463
2016
2017
1786
677
2466
1783
681
3252
3252
679
2470
3253
680
1438
2022
3254
1789
1794
1416
2478
2024
2774
674
1128
3252
2757
679
2755
2472
675
821
2024
2022
2021
1803
1766
1124
2476
2463
3253
1522
1527
1418
3254
1971
1416
2747
2757
1527
3254
3252
2019
2756
2470
2020
2010
2011
3254
2475
1128
1413
1670
2470
679
711
3254
2463
2467
2765
2024
2472
3253
1803
1801
1525
1522
1134
2471
1670
677
1954
819
2471
680
3252
1418
2020
2018
3253
1523
2019
1530
3253
1818
1818
2018
2023
2023
2472
680
3254
2025
1524
2026
2020
3253
1803
2469
3253
1956
3254
1814
2769
1522
2759
2464
1445
1817
1660
1122
2022
1427
2020
3253
1818
1416
1436
1127
1788
1821
2478
1791
1415
3252
2744
2473
1790
1437
1543
2474
2045
1244
1788
3253
2019
1788
1816
2476
1418
2021
2474
2473
2019
2018
1527
2472
2023
2018
2024
1418
1524
3254
3252
2017
1424
680
2467
1817
2023
1981
3254
2475
2469
2471
1522
1436
1414
1419
1418
3254
1544
1425
2463
3252
302
303
3253
2756
1130
2017
1544
3252
2477
1526
1430
2456
2747
3254
2749
2476
3253
2469
2019
2018
1544
2477
3252
2016
3253
1130
3253
2016
2024
3253
3254
3253
3252
2472
3254
2757
3254
2472
3252
2469
1542
3252
3253
2475
1521
2015
3254
3253
2019
2021
2471
3252
2776
2473
2018
2471
1542
1521
2472
313
3254
2744
1522
3253
2476
1524
1960
3253
1793
1542
1519
1783
3253
1510
2758
1542
1416
312
3253
1544
295
1234
1522
3252
1126
3252
3252
1416
680
2471
2476
2474
1109
2756
2477
1521
3254
2473
2747
2013
3253
2754
1794
3252
3254
1799
2017
1523
2474
2739
1437
1410
3253
1957
1542
2014
2472
2476
2761
1412
3253
3254
2017
1125
1542
2474
1955
2017
1521
1794
1405
2019
1816
1522
2472
3254
3252
3254
2016
2751
1976
2477
3253
2022
1522
2755
3254
1956
1540
3253
2025
3254
1790
1136
3253
3253
2472
2038
1952
2020
1541
3254
2475
3253
3252
3254
2472
680
1790
1520
3253
3254
3254
1665
1438
2475
3253
3253
3253
3254
2472
3252
3254
2472
3254
3253
305
3253
1956
1411
1414
3254
3253
1129
2476
2475
3252
3253
2477
2023
3253
