298
813
675
257
278
269
806
673
287
662
810
822
296
298
722
819
310
282
288
722
893
287
1119
674
272
660
302
305
898
719
301
253
269
660
857
1412
1127
704
656
1411
720
889
826
251
1239
292
294
887
290
303
686
1128
850
836
1124
682
287
299
305
310
798
299
898
856
279
722
271
1131
289
299
278
1402
1148
720
811
699
296
311
693
659
1412
692
681
865
296
1422
826
311
285
693
662
823
301
313
722
705
697
1425
303
304
895
712
1516
315
310
681
308
277
302
679
282
307
312
314
315
314
697
311
834
679
792
314
1414
1118
1780
722
302
312
312
1410
1200
301
1132
680
1441
702
827
1140
296
305
279
1434
314
709
296
306
312
1131
836
720
860
308
722
830
711
708
301
822
312
1128
695
1406
294
302
316
1128
296
292
1523
280
692
1127
291
313
310
722
676
311
310
304
709
311
700
685
291
838
1115
722
898
811
799
303
309
311
309
298
308
1131
1126
293
297
1245
297
276
246
697
285
311
898
691
1119
1128
665
710
722
295
698
895
697
1134
686
1439
283
309
315
679
313
692
1525
312
306
312
1118
675
1430
704
303
310
663
679
274
267
1120
1676
709
296
1667
299
1222
1128
1136
288
1435
1127
1124
310
701
710
898
693
681
282
710
1431
705
679
312
310
314
704
1437
311
315
870
686
301
682
311
1429
314
308
1129
704
1438
1124
1219
308
315
824
308
684
297
313
691
1118
830
895
688
872
313
314
1124
312
819
1123
1137
287
681
310
1417
687
1129
285
313
297
288
722
1122
815
1127
303
288
299
1124
701
308
311
313
827
1421
299
300
664
1441
311
301
1132
311
311
311
1124
294
1114
1124
307
290
688
300
1137
673
678
1122
710
313
1120
292
310
1125
685
311
311
313
708
1131
290
310
299
313
1137
1507
684
294
695
300
1129
701
311
314
1123
701
702
685
683
312
314
312
308
311
311
310
849
313
688
313
312
311
307
687
702
683
1391
298
301
706
1409
315
312
689
673
686
686
312
311
864
285
310
295
303
689
268
304
313
312
680
679
1439
793
310
674
695
688
1128
311
693
309
679
1120
856
1432
691
692
312
291
279
306
898
308
315
667
695
303
692
702
311
316
312
675
313
311
313
300
308
314
313
312
895
313
678
311
722
311
722
310
292
310
665
687
300
703
833
698
313
701
311
308
311
693
312
300
1438
313
312
675
681
722
701
307
311
311
312
695
1138
314
315
672
302
300
707
1122
300
296
688
692
312
310
702
1123
308
665
816
679
310
1665
315
1125
290
702
311
296
312
314
291
812
304
301
309
308
311
312
722
666
312
308
694
834
303
299
680
308
692
298
1120
722
678
672
294
313
1133
303
283
311
664
302
297
301
304
315
316
682
312
312
1245
720
1427
293
289
1126
1438
722
304
309
1125
898
304
685
696
1131
309
702
310
1675
722
1124
314
311
714
302
682
842
310
722
667
308
1123
816
301
1433
1123
300
280
679
1124
276
297
314
298
1123
298
311
309
310
1131
705
313
309
722
274
685
1124
295
687
307
315
297
312
293
844
302
292
300
898
297
673
848
291
297
296
1123
722
667
703
1239
288
850
310
304
295
303
311
292
302
681
681
298
310
311
2470
676
1124
298
1408
686
310
300
308
1123
315
677
701
694
315
312
313
1114
303
1138
1429
280
676
895
284
306
312
1128
313
307
296
310
722
1121
309
312
686
831
722
309
898
683
797
684
1237
309
308
308
313
298
310
683
311
302
310
705
722
294
695
295
291
308
687
303
307
312
1155
310
312
314
300
312
308
313
305
308
313
288
311
306
312
312
312
312
298
311
680
697
1138
859
294
1140
896
1121
1226
269
312
863
685
302
312
310
301
312
308
296
703
288
682
311
691
722
311
722
1275
709
700
312
312
285
1129
287
811
663
679
1436
314
280
309
893
313
308
305
299
301
898
300
279
274
711
301
311
307
312
312
1138
813
271
311
1435
312
312
310
312
841
1152
1411
1119
312
888
315
703
710
314
312
309
312
689
810
312
310
304
315
306
312
1248
314
310
311
722
684
298
297
1125
298
310
301
308
718
314
707
308
315
681
2021
305
310
299
1124
722
303
285
1128
314
314
311
315
1124
303
291
722
722
1122
302
286
315
312
1137
304
1427
310
807
680
308
311
1512
1125
722
691
1113
300
693
306
707
308
707
315
305
311
300
308
312
313
1126
312
313
313
684
306
311
312
311
312
288
305
313
305
308
309
301
310
310
1123
1125
722
1125
677
308
310
312
684
307
306
678
313
311
310
689
307
312
304
312
1123
310
689
1419
302
706
692
1125
289
311
312
306
311
314
1124
304
313
1438
702
1244
313
684
313
1115
676
312
719
719
295
311
1244
832
308
291
292
310
311
1437
311
309
698
315
311
311
290
1126
1124
312
315
305
311
307
312
311
301
315
291
312
312
312
313
1113
1124
300
309
314
303
1125
304
311
702
311
1130
1134
1127
313
312
684
295
1133
311
310
311
314
708
306
303
695
712
315
708
306
708
301
310
311
684
311
311
311
1414
871
1122
308
285
291
701
1434
1122
308
307
295
698
1118
1122
303
298
703
298
312
312
312
1108
312
705
300
313
311
311
312
313
313
307
703
1527
700
1125
1124
704
313
709
722
709
893
301
1138
311
898
696
314
692
701
313
312
1129
705
842
304
863
679
305
313
1126
314
701
311
313
290
298
720
311
689
699
1436
310
307
315
886
306
700
1124
303
312
679
694
308
312
310
706
310
313
679
1125
708
313
309
314
838
290
312
300
704
297
294
699
310
300
310
1127
314
313
314
312
313
300
311
312
310
698
305
312
315
1427
310
313
311
313
310
311
670
310
720
307
314
313
705
311
306
681
1244
305
1125
305
1122
685
311
312
303
831
305
1228
314
301
1125
705
316
1125
700
310
311
311
309
312
683
692
310
310
688
1128
692
722
271
677
826
696
1122
301
292
705
310
309
706
1155
310
1241
311
309
711
1440
691
308
313
305
680
679
698
309
293
709
1434
295
315
697
313
697
298
792
311
1411
305
303
308
311
313
307
680
310
310
702
309
1112
294
300
307
314
316
311
679
313
306
310
304
295
1117
712
702
314
1792
708
698
798
309
707
712
1531
309
311
315
308
312
898
310
682
1125
1143
312
297
1114
300
307
898
281
812
691
314
312
315
308
306
294
1129
308
307
898
295
304
312
313
1130
1139
793
300
314
307
1431
311
300
302
299
689
1112
315
309
1432
309
694
310
1124
845
305
809
857
898
700
301
709
302
312
308
296
309
821
280
300
1125
1400
1408
315
314
313
310
680
307
1130
310
689
1803
1439
310
307
703
283
311
310
1440
687
701
307
305
313
302
313
307
312
1122
898
305
283
710
310
282
313
314
1124
310
308
314
313
292
1439
307
701
312
311
705
307
898
1229
671
311
1126
290
1127
702
892
680
687
687
311
290
298
861
286
1802
1123
1126
706
310
311
847
307
297
297
297
306
311
313
306
706
312
298
310
312
285
705
309
682
701
301
308
285
311
308
681
1123
308
1128
308
1123
308
1524
310
303
292
311
313
311
313
308
706
313
710
312
308
308
304
1123
689
714
311
309
310
820
301
713
306
311
314
293
307
296
311
296
307
703
1523
307
1120
1130
311
712
306
305
705
706
1131
705
689
1123
272
656
866
1787
1119
712
697
308
701
304
298
311
671
689
1113
1414
310
312
699
706
707
302
309
693
699
310
1411
303
314
796
298
299
811
1131
310
1526
705
307
1243
818
281
311
711
296
306
284
1129
308
309
313
305
313
698
1125
310
700
1130
312
1680
306
310
705
803
297
309
296
300
312
312
297
313
698
297
1247
315
700
898
309
702
304
889
300
289
1428
710
307
706
1133
699
1120
702
696
833
314
308
1111
699
701
893
313
702
856
1126
1225
1123
686
702
675
680
1124
311
297
308
308
308
820
296
311
293
706
316
307
293
308
311
1133
701
708
306
1230
313
311
310
301
861
308
287
299
313
302
1127
295
309
311
1440
1127
305
308
1125
1136
674
832
1124
1125
704
303
681
309
1123
311
1446
290
311
305
826
308
311
313
679
304
305
310
300
1127
898
695
310
694
705
312
707
1788
308
820
823
309
809
308
301
313
706
303
313
301
893
1126
722
301
308
300
1404
698
704
721
699
304
309
686
1443
305
1126
300
707
299
302
310
315
310
1127
701
314
1127
704
307
694
311
296
304
705
311
304
313
313
287
1123
706
307
315
708
303
304
308
310
313
310
310
310
310
312
859
298
309
312
305
294
305
313
298
1122
708
1124
1124
315
304
1122
292
315
697
303
1124
707
313
698
707
707
308
684
289
312
722
313
1125
313
898
722
722
678
311
299
294
1123
309
310
692
711
1129
310
687
697
1436
685
308
313
297
706
684
683
694
792
311
1436
313
302
313
699
311
308
697
1130
312
315
1526
310
1235
308
284
1123
700
688
315
313
678
314
312
312
1128
307
310
308
307
309
1412
313
307
307
1127
673
311
309
686
309
694
312
1243
681
313
313
315
313
291
307
304
308
312
1122
310
695
311
1411
312
315
312
700
311
1131
1129
701
312
312
1129
311
681
311
695
298
313
299
310
315
310
682
684
291
1155
311
304
692
307
316
309
309
689
1127
316
309
312
315
286
308
313
702
862
706
690
309
797
306
1138
284
683
688
1148
845
1123
293
315
694
704
310
304
681
316
1125
1397
308
307
1122
1126
310
850
284
702
312
691
315
697
704
705
309
306
310
310
308
1125
656
1119
856
664
679
311
683
300
701
314
313
277
312
706
315
311
315
706
694
301
697
308
313
1126
310
708
1131
276
1439
679
305
701
1787
312
1135
702
292
312
310
707
298
683
312
1128
296
722
828
722
657
305
697
1122
311
302
308
1124
885
722
295
1439
704
858
306
1675
1439
693
690
700
1122
843
678
291
301
674
687
310
297
1128
695
696
313
678
309
659
286
295
292
848
685
270
691
809
278
308
889
312
708
850
310
712
291
306
1123
710
722
279
258
314
898
678
298
311
1218
684
313
312
1436
707
305
303
302
683
722
1134
895
314
1130
683
289
304
722
801
702
1131
719
1436
712
296
300
298
300
315
301
787
799
871
682
298
304
894
898
304
896
703
709
679
1122
256
312
702
288
311
301
280
678
1438
1139
292
1153
315
1439
722
722
310
1438
298
895
307
843
1139
672
271
898
722
816
898
703
898
311
1129
313
313
707
691
312
676
898
688
307
831
299
313
299
313
1122
312
698
312
712
798
298
871
309
287
715
698
305
313
311
2019
305
898
720
826
315
821
896
291
288
808
295
815
300
308
887
680
310
309
303
315
1125
311
1124
279
693
1127
303
313
305
309
699
312
662
693
830
304
681
1221
297
314
313
305
1123
307
680
300
809
1126
301
314
297
315
297
315
670
307
298
310
314
291
722
710
1132
292
310
311
1138
305
309
1138
302
300
312
297
815
297
288
308
285
289
898
693
303
1121
280
1122
1123
806
722
697
695
300
898
1131
312
1514
313
700
678
693
309
301
307
286
310
281
313
721
288
312
301
315
310
701
1509
1129
701
1134
703
307
298
302
681
305
689
304
293
1123
295
667
702
299
304
311
315
1436
1813
314
312
311
897
694
898
290
1417
310
1115
897
279
296
691
299
838
1122
315
679
297
893
308
658
1131
1132
698
314
297
897
691
311
1109
295
301
689
662
854
292
665
674
265
1122
1125
1123
284
684
835
302
282
301
1118
306
310
686
297
1126
307
1132
722
686
306
700
688
313
311
313
722
804
698
674
310
294
696
1122
286
308
706
722
314
655
302
312
1148
698
302
722
1127
312
311
308
686
851
261
837
1420
1137
295
1123
1115
898
281
836
1124
722
1126
304
1142
300
313
1404
702
303
692
710
310
721
303
845
300
312
310
310
680
294
697
312
879
713
722
280
307
820
840
312
722
306
712
298
310
304
299
1438
310
1231
1410
305
1120
702
685
290
702
287
696
722
286
310
722
287
897
314
300
846
1440
898
309
303
314
313
693
315
306
673
704
898
670
309
308
684
894
266
864
293
705
298
697
312
722
314
307
680
697
684
311
842
1426
274
311
1138
722
1437
656
697
674
288
701
668
295
708
692
898
1128
722
681
701
686
284
1410
1406
304
699
722
709
678
857
304
706
722
1126
700
270
695
682
687
828
281
847
1137
722
301
678
690
722
307
1127
1131
1403
791
304
654
1122
284
721
297
674
1129
677
683
298
303
312
1130
308
721
816
293
300
832
315
1429
311
304
302
694
792
1110
898
1424
722
1128
1122
300
254
689
1124
286
787
309
300
794
306
298
1143
290
311
267
669
287
307
679
897
659
1118
715
695
306
311
270
1126
848
293
311
309
686
312
303
697
682
722
708
312
306
1124
835
681
313
312
1122
293
288
1142
277
300
694
686
302
1511
300
1124
1677
292
720
710
276
1122
309
895
685
305
1434
1527
709
307
687
306
1128
313
1123
290
683
311
312
677
721
867
709
300
1127
307
1139
680
309
1416
310
291
289
693
309
281
690
313
1129
1131
667
1437
297
299
683
1430
684
704
898
308
310
703
299
307
689
860
306
295
1446
643
825
295
869
305
306
284
859
264
308
720
302
898
1427
720
275
703
846
797
285
838
1125
682
685
828
312
290
832
897
1438
691
1430
689
1123
1116
1125
1438
307
863
1115
694
842
683
689
683
685
295
314
681
306
700
682
308
1436
680
722
659
688
1124
287
1126
310
692
852
304
1138
289
305
1121
1126
720
1436
305
702
315
692
684
697
1441
307
313
1438
692
301
719
722
315
295
687
1127
680
300
312
306
300
308
704
283
677
1437
1124
299
1525
311
1125
309
680
300
309
895
708
310
1434
310
719
689
858
686
861
667
1141
1126
1140
301
1438
302
298
307
301
693
1124
310
1134
1129
679
298
1119
683
305
1131
299
286
683
305
1127
1441
698
313
1122
305
680
301
308
819
721
1125
306
679
308
308
1123
1421
699
308
312
311
297
1126
687
1126
688
293
702
709
311
286
682
868
1126
1128
1124
676
669
292
1117
673
1529
819
681
843
1127
308
310
1411
1434
681
795
314
681
696
1132
895
1127
312
300
895
682
720
699
307
1508
311
277
277
662
898
305
684
1432
1507
679
300
290
294
314
895
708
311
704
304
683
306
781
306
1139
706
665
830
291
313
1129
1125
309
300
693
700
310
1124
314
705
311
289
680
702
282
1122
309
302
1519
708
705
310
312
720
296
1139
683
722
287
299
301
312
300
688
1137
302
311
860
686
698
701
1124
695
705
1127
700
290
721
303
690
710
313
668
682
1120
709
701
707
709
303
314
703
898
1124
697
310
722
297
287
303
313
699
314
298
305
291
896
1776
712
305
1139
1419
303
286
294
844
696
660
1154
306
313
1115
295
298
314
1128
1127
708
1530
307
697
680
284
306
306
308
310
694
309
697
708
306
683
301
311
682
708
313
1436
307
1433
310
1131
697
2025
1527
694
1125
1415
695
310
1129
693
701
305
1131
300
898
1125
313
307
802
667
1410
300
808
1118
680
819
308
690
1430
658
1125
696
1129
677
309
1132
1512
310
310
698
305
1123
1439
313
311
1124
679
304
705
304
692
308
675
1118
673
300
803
304
262
794
706
857
681
1140
1122
306
306
1124
705
706
684
305
1125
702
312
1414
312
1525
1429
1128
305
1437
682
311
678
1123
695
1438
705
705
1437
698
707
706
710
711
678
1123
312
1124
704
1125
1436
695
684
300
308
682
692
1435
1128
1140
1127
1673
309
1122
314
1507
702
702
1124
707
312
1124
684
309
298
310
706
898
683
310
1119
308
310
688
313
299
870
682
302
1128
795
306
698
680
869
1123
307
1432
1119
307
313
898
807
802
1126
666
303
684
701
691
1129
1127
1416
1125
1441
1118
312
309
1130
697
306
312
893
1666
1129
843
1269
306
1435
850
309
828
892
1129
301
701
1133
816
710
311
309
707
804
1260
1409
1125
1125
310
302
1119
298
684
310
1127
312
1122
296
307
694
1123
829
1131
722
676
1111
308
692
709
696
1243
862
692
896
809
294
896
1124
1437
1148
1424
709
695
1431
304
1433
697
693
1155
690
1432
692
1122
835
1116
697
1431
1125
703
677
302
879
822
686
703
708
1131
1408
705
308
297
706
314
841
1155
698
1126
898
722
1411
307
306
896
1138
298
708
1148
1142
700
819
1122
898
1154
710
1123
851
285
308
308
722
302
665
703
1436
1125
299
1126
304
868
1116
692
312
300
1118
691
1127
707
312
310
848
302
286
1124
263
307
702
312
303
1125
297
304
302
1437
310
304
1434
294
1111
812
865
694
704
701
682
817
1524
312
273
1155
1123
694
811
309
677
806
305
1124
